{
	"class_name" : "PinholeCameraTrajectory",
	"parameters" : 
	[
		{
			"class_name" : "PinholeCameraParameters",
			"extrinsic" : 
			[
				1.0,
				-0.0,
				-0.0,
				0.0,
				0.0,
				-1.0,
				-0.0,
				0.0,
				0.0,
				-0.0,
				-1.0,
				0.0,
				0.038608804349976156,
				0.10932064141614181,
				0.37246232232294402,
				1.0
			],
			"intrinsic" : 
			{
				"height" : 989,
				"intrinsic_matrix" : 
				[
					856.49912434281009,
					0.0,
					0.0,
					0.0,
					856.49912434281009,
					0.0,
					959.5,
					494.0,
					1.0
				],
				"width" : 1920
			},
			"version_major" : 1,
			"version_minor" : 0
		},
		{
			"class_name" : "PinholeCameraParameters",
			"extrinsic" : 
			[
				1.0,
				-0.0,
				-0.0,
				0.0,
				0.0,
				-1.0,
				-0.0,
				0.0,
				0.0,
				-0.0,
				-1.0,
				0.0,
				0.038608804349976156,
				0.10932064141614181,
				0.37246232232294402,
				1.0
			],
			"intrinsic" : 
			{
				"height" : 989,
				"intrinsic_matrix" : 
				[
					856.49912434281009,
					0.0,
					0.0,
					0.0,
					856.49912434281009,
					0.0,
					959.5,
					494.0,
					1.0
				],
				"width" : 1920
			},
			"version_major" : 1,
			"version_minor" : 0
		},
		{
			"class_name" : "PinholeCameraParameters",
			"extrinsic" : 
			[
				1.0,
				-0.0,
				-0.0,
				0.0,
				0.0,
				-1.0,
				-0.0,
				0.0,
				0.0,
				-0.0,
				-1.0,
				0.0,
				0.038608804349976156,
				0.10932064141614181,
				0.37246232232294402,
				1.0
			],
			"intrinsic" : 
			{
				"height" : 989,
				"intrinsic_matrix" : 
				[
					856.49912434281009,
					0.0,
					0.0,
					0.0,
					856.49912434281009,
					0.0,
					959.5,
					494.0,
					1.0
				],
				"width" : 1920
			},
			"version_major" : 1,
			"version_minor" : 0
		},
		{
			"class_name" : "PinholeCameraParameters",
			"extrinsic" : 
			[
				1.0,
				-0.0,
				-0.0,
				0.0,
				-0.0,
				-0.9999932299575901,
				-0.003679679196116109,
				0.0,
				0.0,
				0.003679679196116109,
				-0.9999932299575901,
				0.0,
				0.038608804349976156,
				0.11072857798570705,
				0.3728671789607696,
				1.0
			],
			"intrinsic" : 
			{
				"height" : 989,
				"intrinsic_matrix" : 
				[
					856.49912434281009,
					0.0,
					0.0,
					0.0,
					856.49912434281009,
					0.0,
					959.5,
					494.0,
					1.0
				],
				"width" : 1920
			},
			"version_major" : 1,
			"version_minor" : 0
		},
		{
			"class_name" : "PinholeCameraParameters",
			"extrinsic" : 
			[
				0.99996637000411115,
				-0.00058786917479524358,
				0.0081800532170921703,
				0.0,
				0.00013646330280707539,
				-0.99609679237225535,
				-0.088267556913461845,
				0.0,
				0.0082000145468237671,
				0.088265704752964871,
				-0.99606321341865367,
				0.0,
				0.041731766019087485,
				0.14266164538722334,
				0.38393471438850818,
				1.0
			],
			"intrinsic" : 
			{
				"height" : 989,
				"intrinsic_matrix" : 
				[
					856.49912434281009,
					0.0,
					0.0,
					0.0,
					856.49912434281009,
					0.0,
					959.5,
					494.0,
					1.0
				],
				"width" : 1920
			},
			"version_major" : 1,
			"version_minor" : 0
		},
		{
			"class_name" : "PinholeCameraParameters",
			"extrinsic" : 
			[
				0.99995890037068957,
				-0.00091110900768142928,
				0.0090203907796375191,
				0.0,
				0.00021300776391304201,
				-0.9923020496603735,
				-0.12384101448031794,
				0.0,
				0.0090637849231852662,
				0.12383784607379895,
				-0.99226107234067618,
				0.0,
				0.042053783448685926,
				0.15585226048411982,
				0.3893116302765538,
				1.0
			],
			"intrinsic" : 
			{
				"height" : 989,
				"intrinsic_matrix" : 
				[
					856.49912434281009,
					0.0,
					0.0,
					0.0,
					856.49912434281009,
					0.0,
					959.5,
					494.0,
					1.0
				],
				"width" : 1920
			},
			"version_major" : 1,
			"version_minor" : 0
		},
		{
			"class_name" : "PinholeCameraParameters",
			"extrinsic" : 
			[
				0.99987719629936245,
				-0.0022153887266031492,
				0.015514005714724345,
				0.0,
				0.0014134184881234185,
				-0.9731746152294154,
				-0.23006340543697232,
				0.0,
				0.015607516416902814,
				0.23005708058190535,
				-0.97305197451391412,
				0.0,
				0.044424509491462275,
				0.1943743595019084,
				0.40852838197441116,
				1.0
			],
			"intrinsic" : 
			{
				"height" : 989,
				"intrinsic_matrix" : 
				[
					856.49912434281009,
					0.0,
					0.0,
					0.0,
					856.49912434281009,
					0.0,
					959.5,
					494.0,
					1.0
				],
				"width" : 1920
			},
			"version_major" : 1,
			"version_minor" : 0
		},
		{
			"class_name" : "PinholeCameraParameters",
			"extrinsic" : 
			[
				0.9998043755201006,
				-0.0030661981707814727,
				0.0195399365310946,
				0.0,
				0.0024236478513396044,
				-0.96147394143102571,
				-0.27488540499666614,
				0.0,
				0.019629992917838911,
				0.27487898860747062,
				-0.96127842220668802,
				0.0,
				0.045851167424259133,
				0.21022137501291477,
				0.41809100940912419,
				1.0
			],
			"intrinsic" : 
			{
				"height" : 989,
				"intrinsic_matrix" : 
				[
					856.49912434281009,
					0.0,
					0.0,
					0.0,
					856.49912434281009,
					0.0,
					959.5,
					494.0,
					1.0
				],
				"width" : 1920
			},
			"version_major" : 1,
			"version_minor" : 0
		},
		{
			"class_name" : "PinholeCameraParameters",
			"extrinsic" : 
			[
				0.99974640095988065,
				-0.0038682343606577202,
				0.022184916738553925,
				0.0,
				0.0032306957783489985,
				-0.95031012446433416,
				-0.31128801767072528,
				0.0,
				0.022286685993060995,
				0.31128074804509359,
				-0.95005662964053561,
				0.0,
				0.046777753142651264,
				0.22290551177242862,
				0.42646867927159482,
				1.0
			],
			"intrinsic" : 
			{
				"height" : 989,
				"intrinsic_matrix" : 
				[
					856.49912434281009,
					0.0,
					0.0,
					0.0,
					856.49912434281009,
					0.0,
					959.5,
					494.0,
					1.0
				],
				"width" : 1920
			},
			"version_major" : 1,
			"version_minor" : 0
		},
		{
			"class_name" : "PinholeCameraParameters",
			"extrinsic" : 
			[
				0.99973109122148429,
				-0.0043947366133315034,
				0.022769091663917294,
				0.0,
				0.0034422735903184279,
				-0.94287511569631743,
				-0.33312860422543356,
				0.0,
				0.022932422410853606,
				0.33311740046229288,
				-0.94260644041488217,
				0.0,
				0.04700123688585383,
				0.23043202137550906,
				0.43173098624781914,
				1.0
			],
			"intrinsic" : 
			{
				"height" : 989,
				"intrinsic_matrix" : 
				[
					856.49912434281009,
					0.0,
					0.0,
					0.0,
					856.49912434281009,
					0.0,
					959.5,
					494.0,
					1.0
				],
				"width" : 1920
			},
			"version_major" : 1,
			"version_minor" : 0
		},
		{
			"class_name" : "PinholeCameraParameters",
			"extrinsic" : 
			[
				0.99969472392569081,
				-0.0049166854446598832,
				0.02421332607006018,
				0.0,
				0.0039678739239538069,
				-0.93533261418999347,
				-0.35374730643361307,
				0.0,
				0.024386777803973886,
				0.35373539126973313,
				-0.93502757073339215,
				0.0,
				0.047499138803894218,
				0.2374804203201418,
				0.4369421841292046,
				1.0
			],
			"intrinsic" : 
			{
				"height" : 989,
				"intrinsic_matrix" : 
				[
					856.49912434281009,
					0.0,
					0.0,
					0.0,
					856.49912434281009,
					0.0,
					959.5,
					494.0,
					1.0
				],
				"width" : 1920
			},
			"version_major" : 1,
			"version_minor" : 0
		},
		{
			"class_name" : "PinholeCameraParameters",
			"extrinsic" : 
			[
				0.99967810767636411,
				-0.0057619035215339242,
				0.024707923838567927,
				0.0,
				0.0042213262114089052,
				-0.92251994542702997,
				-0.38592632806576799,
				0.0,
				0.025017222819905701,
				0.38590640154980388,
				-0.92219867046383275,
				0.0,
				0.047712140414346058,
				0.24836299578756174,
				0.44539034714440773,
				1.0
			],
			"intrinsic" : 
			{
				"height" : 989,
				"intrinsic_matrix" : 
				[
					856.49912434281009,
					0.0,
					0.0,
					0.0,
					856.49912434281009,
					0.0,
					959.5,
					494.0,
					1.0
				],
				"width" : 1920
			},
			"version_major" : 1,
			"version_minor" : 0
		},
		{
			"class_name" : "PinholeCameraParameters",
			"extrinsic" : 
			[
				0.9996610938998246,
				-0.0059683970049557757,
				0.025339210330974884,
				0.0,
				0.0044853529496019584,
				-0.9193185454582502,
				-0.39348861938491253,
				0.0,
				0.025643302281953592,
				0.39346891899325198,
				-0.91898021242807948,
				0.0,
				0.047922299423708022,
				0.25090017212921767,
				0.44747354414586293,
				1.0
			],
			"intrinsic" : 
			{
				"height" : 989,
				"intrinsic_matrix" : 
				[
					856.49912434281009,
					0.0,
					0.0,
					0.0,
					856.49912434281009,
					0.0,
					959.5,
					494.0,
					1.0
				],
				"width" : 1920
			},
			"version_major" : 1,
			"version_minor" : 0
		},
		{
			"class_name" : "PinholeCameraParameters",
			"extrinsic" : 
			[
				0.9996610938998246,
				-0.0062279045754140717,
				0.025276679916588846,
				0.0,
				0.0044853529496019628,
				-0.91523549140452332,
				-0.40289437434945441,
				0.0,
				0.025643302281953592,
				0.40287120581908098,
				-0.91489737816323213,
				0.0,
				0.047922299423708029,
				0.25404323012737468,
				0.45006238798319664,
				1.0
			],
			"intrinsic" : 
			{
				"height" : 989,
				"intrinsic_matrix" : 
				[
					856.49912434281009,
					0.0,
					0.0,
					0.0,
					856.49912434281009,
					0.0,
					959.5,
					494.0,
					1.0
				],
				"width" : 1920
			},
			"version_major" : 1,
			"version_minor" : 0
		},
		{
			"class_name" : "PinholeCameraParameters",
			"extrinsic" : 
			[
				0.9996610938998246,
				-0.0066125364742518605,
				0.025178794736500757,
				0.0,
				0.0044853529496019671,
				-0.90898679581281838,
				-0.41680077572728108,
				0.0,
				0.025643302281953592,
				0.41677245518306799,
				-0.90864907508275938,
				0.0,
				0.047922299423708029,
				0.25866702749948395,
				0.45397087801922398,
				1.0
			],
			"intrinsic" : 
			{
				"height" : 989,
				"intrinsic_matrix" : 
				[
					856.49912434281009,
					0.0,
					0.0,
					0.0,
					856.49912434281009,
					0.0,
					959.5,
					494.0,
					1.0
				],
				"width" : 1920
			},
			"version_major" : 1,
			"version_minor" : 0
		},
		{
			"class_name" : "PinholeCameraParameters",
			"extrinsic" : 
			[
				0.9996610938998246,
				-0.0068530027019980261,
				0.025114412136710607,
				0.0,
				0.0044853529496019697,
				-0.90495963993825324,
				-0.42547377321257374,
				0.0,
				0.025643302281953592,
				0.4254422245579223,
				-0.90462220545998251,
				0.0,
				0.047922299423708015,
				0.26153650479864776,
				0.45645812011112941,
				1.0
			],
			"intrinsic" : 
			{
				"height" : 989,
				"intrinsic_matrix" : 
				[
					856.49912434281009,
					0.0,
					0.0,
					0.0,
					856.49912434281009,
					0.0,
					959.5,
					494.0,
					1.0
				],
				"width" : 1920
			},
			"version_major" : 1,
			"version_minor" : 0
		},
		{
			"class_name" : "PinholeCameraParameters",
			"extrinsic" : 
			[
				0.9996610938998246,
				-0.0071386207955233278,
				0.025034724606910912,
				0.0,
				0.0044853529496019662,
				-0.90005462557542448,
				-0.43575400467373782,
				0.0,
				0.025643302281953582,
				0.43571861455923599,
				-0.89971757233848471,
				0.0,
				0.047922299423708022,
				0.26492332684893249,
				0.45945650579026009,
				1.0
			],
			"intrinsic" : 
			{
				"height" : 989,
				"intrinsic_matrix" : 
				[
					856.49912434281009,
					0.0,
					0.0,
					0.0,
					856.49912434281009,
					0.0,
					959.5,
					494.0,
					1.0
				],
				"width" : 1920
			},
			"version_major" : 1,
			"version_minor" : 0
		},
		{
			"class_name" : "PinholeCameraParameters",
			"extrinsic" : 
			[
				0.9996610938998246,
				-0.0075302638635827614,
				0.024919720487015268,
				0.0,
				0.0044853529496019662,
				-0.89311178079771181,
				-0.44981243714381375,
				0.0,
				0.025643302281953582,
				0.44977176670672059,
				-0.89277532387582914,
				0.0,
				0.047922299423708022,
				0.26952912102095661,
				0.46364661531949358,
				1.0
			],
			"intrinsic" : 
			{
				"height" : 989,
				"intrinsic_matrix" : 
				[
					856.49912434281009,
					0.0,
					0.0,
					0.0,
					856.49912434281009,
					0.0,
					959.5,
					494.0,
					1.0
				],
				"width" : 1920
			},
			"version_major" : 1,
			"version_minor" : 0
		},
		{
			"class_name" : "PinholeCameraParameters",
			"extrinsic" : 
			[
				0.9996610938998246,
				-0.0081087195512502402,
				0.02473754252639742,
				0.0,
				0.0044853529496019784,
				-0.88239114983343381,
				-0.47049520752559015,
				0.0,
				0.025643302281953575,
				0.47044671043899305,
				-0.88205573162085782,
				0.0,
				0.047922299423708015,
				0.27624970620999623,
				0.4700043734330443,
				1.0
			],
			"intrinsic" : 
			{
				"height" : 989,
				"intrinsic_matrix" : 
				[
					856.49912434281009,
					0.0,
					0.0,
					0.0,
					856.49912434281009,
					0.0,
					959.5,
					494.0,
					1.0
				],
				"width" : 1920
			},
			"version_major" : 1,
			"version_minor" : 0
		},
		{
			"class_name" : "PinholeCameraParameters",
			"extrinsic" : 
			[
				0.99968239228915856,
				-0.0085863399707414457,
				0.023693655541765859,
				0.0,
				0.0040656632103927516,
				-0.8729063786498461,
				-0.48787080717652215,
				0.0,
				0.024871367668157358,
				0.48781218606992433,
				-0.87259422768661321,
				0.0,
				0.047673485880565476,
				0.28184233925030977,
				0.47548569111242389,
				1.0
			],
			"intrinsic" : 
			{
				"height" : 989,
				"intrinsic_matrix" : 
				[
					856.49912434281009,
					0.0,
					0.0,
					0.0,
					856.49912434281009,
					0.0,
					959.5,
					494.0,
					1.0
				],
				"width" : 1920
			},
			"version_major" : 1,
			"version_minor" : 0
		},
		{
			"class_name" : "PinholeCameraParameters",
			"extrinsic" : 
			[
				0.99970283067301735,
				-0.0087393445353463155,
				0.02275684955016662,
				0.0,
				0.0036368689936642018,
				-0.86961072507982151,
				-0.49372457910263118,
				0.0,
				0.024104429640199536,
				0.49366062298226693,
				-0.8693205195947471,
				0.0,
				0.047427547263670086,
				0.28371508236752085,
				0.47734272065712691,
				1.0
			],
			"intrinsic" : 
			{
				"height" : 989,
				"intrinsic_matrix" : 
				[
					856.49912434281009,
					0.0,
					0.0,
					0.0,
					856.49912434281009,
					0.0,
					959.5,
					494.0,
					1.0
				],
				"width" : 1920
			},
			"version_major" : 1,
			"version_minor" : 0
		},
		{
			"class_name" : "PinholeCameraParameters",
			"extrinsic" : 
			[
				0.99970283067301735,
				-0.0089416734414679393,
				0.022678113246532509,
				0.0,
				0.0036368689936642018,
				-0.86517905958547292,
				-0.50144986592751206,
				0.0,
				0.024104429640199539,
				0.50138332773523997,
				-0.86488943521172568,
				0.0,
				0.047427547263670079,
				0.28617924994071442,
				0.47988054813102132,
				1.0
			],
			"intrinsic" : 
			{
				"height" : 989,
				"intrinsic_matrix" : 
				[
					856.49912434281009,
					0.0,
					0.0,
					0.0,
					856.49912434281009,
					0.0,
					959.5,
					494.0,
					1.0
				],
				"width" : 1920
			},
			"version_major" : 1,
			"version_minor" : 0
		},
		{
			"class_name" : "PinholeCameraParameters",
			"extrinsic" : 
			[
				0.99970283067301735,
				-0.0091123011045987634,
				0.022610093165122837,
				0.0,
				0.0036368689936642096,
				-0.86137603054752121,
				-0.50795482789527546,
				0.0,
				0.024104429640199539,
				0.50788610924770827,
				-0.86108691576689611,
				0.0,
				0.047427547263670086,
				0.2882463461311392,
				0.48204475168126504,
				1.0
			],
			"intrinsic" : 
			{
				"height" : 989,
				"intrinsic_matrix" : 
				[
					856.49912434281009,
					0.0,
					0.0,
					0.0,
					856.49912434281009,
					0.0,
					959.5,
					494.0,
					1.0
				],
				"width" : 1920
			},
			"version_major" : 1,
			"version_minor" : 0
		},
		{
			"class_name" : "PinholeCameraParameters",
			"extrinsic" : 
			[
				0.99972227257227075,
				-0.0093490929520522736,
				0.021632664743583552,
				0.0,
				0.003186286503015434,
				-0.8558920969447219,
				-0.51714462770668679,
				0.0,
				0.02335005998397216,
				0.51706993032716653,
				-0.85562460334553503,
				0.0,
				0.047188763580592742,
				0.29115350174898769,
				0.48510276407697883,
				1.0
			],
			"intrinsic" : 
			{
				"height" : 989,
				"intrinsic_matrix" : 
				[
					856.49912434281009,
					0.0,
					0.0,
					0.0,
					856.49912434281009,
					0.0,
					959.5,
					494.0,
					1.0
				],
				"width" : 1920
			},
			"version_major" : 1,
			"version_minor" : 0
		},
		{
			"class_name" : "PinholeCameraParameters",
			"extrinsic" : 
			[
				0.99972227257227075,
				-0.010162526041327929,
				0.021262661813463719,
				0.0,
				0.0031862865030154279,
				-0.83567036099869119,
				-0.54922208197289191,
				0.0,
				0.023350059983972164,
				0.5491372968691679,
				-0.83540589169933943,
				0.0,
				0.047188763580592742,
				0.30118766290779253,
				0.49633545402587342,
				1.0
			],
			"intrinsic" : 
			{
				"height" : 989,
				"intrinsic_matrix" : 
				[
					856.49912434281009,
					0.0,
					0.0,
					0.0,
					856.49912434281009,
					0.0,
					959.5,
					494.0,
					1.0
				],
				"width" : 1920
			},
			"version_major" : 1,
			"version_minor" : 0
		},
		{
			"class_name" : "PinholeCameraParameters",
			"extrinsic" : 
			[
				0.99975164980456488,
				-0.010583650475849348,
				0.019611860076391797,
				0.0,
				0.0024010675687981507,
				-0.82375393779331751,
				-0.56694239993541962,
				0.0,
				0.022155667166234971,
				0.56684868908078834,
				-0.82352394628195902,
				0.0,
				0.046818493875746825,
				0.30664907327459034,
				0.50275763208352842,
				1.0
			],
			"intrinsic" : 
			{
				"height" : 989,
				"intrinsic_matrix" : 
				[
					856.49912434281009,
					0.0,
					0.0,
					0.0,
					856.49912434281009,
					0.0,
					959.5,
					494.0,
					1.0
				],
				"width" : 1920
			},
			"version_major" : 1,
			"version_minor" : 0
		},
		{
			"class_name" : "PinholeCameraParameters",
			"extrinsic" : 
			[
				0.99976497060418468,
				-0.010893946586631027,
				0.018743678416510937,
				0.0,
				0.0020090795074176482,
				-0.81430126079819465,
				-0.58043898926760906,
				0.0,
				0.021586272312440195,
				0.58034022658285411,
				-0.81408798926001547,
				0.0,
				0.046643881437754969,
				0.31076863102872621,
				0.5078118976184014,
				1.0
			],
			"intrinsic" : 
			{
				"height" : 989,
				"intrinsic_matrix" : 
				[
					856.49912434281009,
					0.0,
					0.0,
					0.0,
					856.49912434281009,
					0.0,
					959.5,
					494.0,
					1.0
				],
				"width" : 1920
			},
			"version_major" : 1,
			"version_minor" : 0
		},
		{
			"class_name" : "PinholeCameraParameters",
			"extrinsic" : 
			[
				0.9998161629679243,
				-0.012031389584390947,
				0.014929364781052081,
				0.0,
				0.00022881436654447954,
				-0.77108535400657274,
				-0.63673175237343416,
				0.0,
				0.019172582300847531,
				0.63661811355099474,
				-0.7709408470088287,
				0.0,
				0.045916454475014877,
				0.3275449604695807,
				0.5303364381158473,
				1.0
			],
			"intrinsic" : 
			{
				"height" : 989,
				"intrinsic_matrix" : 
				[
					856.49912434281009,
					0.0,
					0.0,
					0.0,
					856.49912434281009,
					0.0,
					959.5,
					494.0,
					1.0
				],
				"width" : 1920
			},
			"version_major" : 1,
			"version_minor" : 0
		},
		{
			"class_name" : "PinholeCameraParameters",
			"extrinsic" : 
			[
				0.9998161629679243,
				-0.012393397391875203,
				0.014630241596917328,
				0.0,
				0.00022881436654448309,
				-0.75526069677986452,
				-0.65542446364442275,
				0.0,
				0.019172582300847535,
				0.65530731996573999,
				-0.7551190161075515,
				0.0,
				0.045916454475014884,
				0.33295573525749095,
				0.53842539592010907,
				1.0
			],
			"intrinsic" : 
			{
				"height" : 989,
				"intrinsic_matrix" : 
				[
					856.49912434281009,
					0.0,
					0.0,
					0.0,
					856.49912434281009,
					0.0,
					959.5,
					494.0,
					1.0
				],
				"width" : 1920
			},
			"version_major" : 1,
			"version_minor" : 0
		},
		{
			"class_name" : "PinholeCameraParameters",
			"extrinsic" : 
			[
				0.9998161629679243,
				-0.012393397391875201,
				0.014630241596917328,
				0.0,
				0.00022881436654448309,
				-0.75526069677986452,
				-0.65542446364442275,
				0.0,
				0.019172582300847531,
				0.65530731996573999,
				-0.7551190161075515,
				0.0,
				0.045916454475014884,
				0.33295573525749095,
				0.53842539592010907,
				1.0
			],
			"intrinsic" : 
			{
				"height" : 989,
				"intrinsic_matrix" : 
				[
					856.49912434281009,
					0.0,
					0.0,
					0.0,
					856.49912434281009,
					0.0,
					959.5,
					494.0,
					1.0
				],
				"width" : 1920
			},
			"version_major" : 1,
			"version_minor" : 0
		},
		{
			"class_name" : "PinholeCameraParameters",
			"extrinsic" : 
			[
				0.9998161629679243,
				-0.012393397391875199,
				0.014630241596917328,
				0.0,
				0.00022881436654448482,
				-0.75526069677986452,
				-0.65542446364442275,
				0.0,
				0.019172582300847531,
				0.65530731996573999,
				-0.7551190161075515,
				0.0,
				0.045916454475014884,
				0.33295573525749095,
				0.53842539592010907,
				1.0
			],
			"intrinsic" : 
			{
				"height" : 989,
				"intrinsic_matrix" : 
				[
					856.49912434281009,
					0.0,
					0.0,
					0.0,
					856.49912434281009,
					0.0,
					959.5,
					494.0,
					1.0
				],
				"width" : 1920
			},
			"version_major" : 1,
			"version_minor" : 0
		},
		{
			"class_name" : "PinholeCameraParameters",
			"extrinsic" : 
			[
				0.9998161629679243,
				-0.012393397391875199,
				0.014630241596917328,
				0.0,
				0.00022881436654448656,
				-0.75526069677986452,
				-0.65542446364442275,
				0.0,
				0.019172582300847531,
				0.65530731996573999,
				-0.7551190161075515,
				0.0,
				0.045916454475014884,
				0.33295573525749095,
				0.53842539592010907,
				1.0
			],
			"intrinsic" : 
			{
				"height" : 989,
				"intrinsic_matrix" : 
				[
					856.49912434281009,
					0.0,
					0.0,
					0.0,
					856.49912434281009,
					0.0,
					959.5,
					494.0,
					1.0
				],
				"width" : 1920
			},
			"version_major" : 1,
			"version_minor" : 0
		},
		{
			"class_name" : "PinholeCameraParameters",
			"extrinsic" : 
			[
				0.9998161629679243,
				-0.012393397391875199,
				0.014630241596917328,
				0.0,
				0.00022881436654448656,
				-0.75526069677986452,
				-0.65542446364442275,
				0.0,
				0.019172582300847531,
				0.65530731996573999,
				-0.7551190161075515,
				0.0,
				0.045916454475014884,
				0.33295573525749095,
				0.53842539592010907,
				1.0
			],
			"intrinsic" : 
			{
				"height" : 989,
				"intrinsic_matrix" : 
				[
					856.49912434281009,
					0.0,
					0.0,
					0.0,
					856.49912434281009,
					0.0,
					959.5,
					494.0,
					1.0
				],
				"width" : 1920
			},
			"version_major" : 1,
			"version_minor" : 0
		},
		{
			"class_name" : "PinholeCameraParameters",
			"extrinsic" : 
			[
				0.9998161629679243,
				-0.012393397391875199,
				0.014630241596917328,
				0.0,
				0.00022881436654448656,
				-0.75526069677986452,
				-0.65542446364442275,
				0.0,
				0.019172582300847531,
				0.65530731996573999,
				-0.7551190161075515,
				0.0,
				0.045916454475014884,
				0.33295573525749095,
				0.53842539592010907,
				1.0
			],
			"intrinsic" : 
			{
				"height" : 989,
				"intrinsic_matrix" : 
				[
					856.49912434281009,
					0.0,
					0.0,
					0.0,
					856.49912434281009,
					0.0,
					959.5,
					494.0,
					1.0
				],
				"width" : 1920
			},
			"version_major" : 1,
			"version_minor" : 0
		},
		{
			"class_name" : "PinholeCameraParameters",
			"extrinsic" : 
			[
				0.9998161629679243,
				-0.012393397391875199,
				0.014630241596917328,
				0.0,
				0.00022881436654448656,
				-0.75526069677986452,
				-0.65542446364442275,
				0.0,
				0.019172582300847531,
				0.65530731996573999,
				-0.7551190161075515,
				0.0,
				0.045916454475014884,
				0.33295573525749095,
				0.53842539592010907,
				1.0
			],
			"intrinsic" : 
			{
				"height" : 989,
				"intrinsic_matrix" : 
				[
					856.49912434281009,
					0.0,
					0.0,
					0.0,
					856.49912434281009,
					0.0,
					959.5,
					494.0,
					1.0
				],
				"width" : 1920
			},
			"version_major" : 1,
			"version_minor" : 0
		},
		{
			"class_name" : "PinholeCameraParameters",
			"extrinsic" : 
			[
				0.9998161629679243,
				-0.012393397391875199,
				0.014630241596917328,
				0.0,
				0.00022881436654448656,
				-0.75526069677986452,
				-0.65542446364442275,
				0.0,
				0.019172582300847531,
				0.65530731996573999,
				-0.7551190161075515,
				0.0,
				0.045916454475014884,
				0.33295573525749095,
				0.53842539592010907,
				1.0
			],
			"intrinsic" : 
			{
				"height" : 989,
				"intrinsic_matrix" : 
				[
					856.49912434281009,
					0.0,
					0.0,
					0.0,
					856.49912434281009,
					0.0,
					959.5,
					494.0,
					1.0
				],
				"width" : 1920
			},
			"version_major" : 1,
			"version_minor" : 0
		},
		{
			"class_name" : "PinholeCameraParameters",
			"extrinsic" : 
			[
				0.9998161629679243,
				-0.012393397391875199,
				0.014630241596917328,
				0.0,
				0.00022881436654448656,
				-0.75526069677986452,
				-0.65542446364442275,
				0.0,
				0.019172582300847531,
				0.65530731996573999,
				-0.7551190161075515,
				0.0,
				0.045916454475014884,
				0.33295573525749095,
				0.53842539592010907,
				1.0
			],
			"intrinsic" : 
			{
				"height" : 989,
				"intrinsic_matrix" : 
				[
					856.49912434281009,
					0.0,
					0.0,
					0.0,
					856.49912434281009,
					0.0,
					959.5,
					494.0,
					1.0
				],
				"width" : 1920
			},
			"version_major" : 1,
			"version_minor" : 0
		},
		{
			"class_name" : "PinholeCameraParameters",
			"extrinsic" : 
			[
				0.9998161629679243,
				-0.012393397391875199,
				0.014630241596917328,
				0.0,
				0.00022881436654448656,
				-0.75526069677986452,
				-0.65542446364442275,
				0.0,
				0.019172582300847531,
				0.65530731996573999,
				-0.7551190161075515,
				0.0,
				0.045916454475014884,
				0.33295573525749095,
				0.53842539592010907,
				1.0
			],
			"intrinsic" : 
			{
				"height" : 989,
				"intrinsic_matrix" : 
				[
					856.49912434281009,
					0.0,
					0.0,
					0.0,
					856.49912434281009,
					0.0,
					959.5,
					494.0,
					1.0
				],
				"width" : 1920
			},
			"version_major" : 1,
			"version_minor" : 0
		},
		{
			"class_name" : "PinholeCameraParameters",
			"extrinsic" : 
			[
				0.9998161629679243,
				-0.012393397391875199,
				0.014630241596917328,
				0.0,
				0.00022881436654448656,
				-0.75526069677986452,
				-0.65542446364442275,
				0.0,
				0.019172582300847531,
				0.65530731996573999,
				-0.7551190161075515,
				0.0,
				0.045916454475014884,
				0.33295573525749095,
				0.53842539592010907,
				1.0
			],
			"intrinsic" : 
			{
				"height" : 989,
				"intrinsic_matrix" : 
				[
					856.49912434281009,
					0.0,
					0.0,
					0.0,
					856.49912434281009,
					0.0,
					959.5,
					494.0,
					1.0
				],
				"width" : 1920
			},
			"version_major" : 1,
			"version_minor" : 0
		},
		{
			"class_name" : "PinholeCameraParameters",
			"extrinsic" : 
			[
				0.99676706683940597,
				0.079002344871422547,
				0.014630241596917328,
				0.0,
				0.069229008577841311,
				-0.7520811903164113,
				-0.65542446364442275,
				0.0,
				-0.040776939999177579,
				0.65431835728265098,
				-0.7551190161075515,
				0.0,
				0.015305354350275351,
				0.3357582293267361,
				0.53842539592010907,
				1.0
			],
			"intrinsic" : 
			{
				"height" : 989,
				"intrinsic_matrix" : 
				[
					856.49912434281009,
					0.0,
					0.0,
					0.0,
					856.49912434281009,
					0.0,
					959.5,
					494.0,
					1.0
				],
				"width" : 1920
			},
			"version_major" : 1,
			"version_minor" : 0
		},
		{
			"class_name" : "PinholeCameraParameters",
			"extrinsic" : 
			[
				0.9927103854420436,
				0.119632966469637,
				0.014630241596917328,
				0.0,
				0.099877624142288235,
				-0.74862756605144631,
				-0.65542446364442275,
				0.0,
				-0.06745777072510821,
				0.65210790570392729,
				-0.7551190161075515,
				0.0,
				0.0015840901157188735,
				0.33610315840663835,
				0.53842539592010907,
				1.0
			],
			"intrinsic" : 
			{
				"height" : 989,
				"intrinsic_matrix" : 
				[
					856.49912434281009,
					0.0,
					0.0,
					0.0,
					856.49912434281009,
					0.0,
					959.5,
					494.0,
					1.0
				],
				"width" : 1920
			},
			"version_major" : 1,
			"version_minor" : 0
		},
		{
			"class_name" : "PinholeCameraParameters",
			"extrinsic" : 
			[
				0.97980629243245598,
				0.1994131022289666,
				0.014630241596917328,
				0.0,
				0.1600102552054404,
				-0.73811617695692777,
				-0.65542446364442275,
				0.0,
				-0.11990140757661802,
				0.644530002384613,
				-0.7551190161075515,
				0.0,
				-0.025564644255266639,
				0.33513324424251656,
				0.53842539592010907,
				1.0
			],
			"intrinsic" : 
			{
				"height" : 989,
				"intrinsic_matrix" : 
				[
					856.49912434281009,
					0.0,
					0.0,
					0.0,
					856.49912434281009,
					0.0,
					959.5,
					494.0,
					1.0
				],
				"width" : 1920
			},
			"version_major" : 1,
			"version_minor" : 0
		},
		{
			"class_name" : "PinholeCameraParameters",
			"extrinsic" : 
			[
				0.94995392275714874,
				0.31204727313200636,
				0.014630241596917328,
				0.0,
				0.24479435212479048,
				-0.7144889765589284,
				-0.65542446364442275,
				0.0,
				-0.19407027027885865,
				0.62620444082316618,
				-0.7551190161075515,
				0.0,
				-0.06437962555546306,
				0.3298834737384565,
				0.53842539592010907,
				1.0
			],
			"intrinsic" : 
			{
				"height" : 989,
				"intrinsic_matrix" : 
				[
					856.49912434281009,
					0.0,
					0.0,
					0.0,
					856.49912434281009,
					0.0,
					959.5,
					494.0,
					1.0
				],
				"width" : 1920
			},
			"version_major" : 1,
			"version_minor" : 0
		},
		{
			"class_name" : "PinholeCameraParameters",
			"extrinsic" : 
			[
				0.89511771263096374,
				0.44558976263501326,
				0.014630241596917328,
				0.0,
				0.34513047632938015,
				-0.67179143100003591,
				-0.65542446364442275,
				0.0,
				-0.28222196024222984,
				0.59173138895092992,
				-0.7551190161075515,
				0.0,
				-0.11121234975739328,
				0.31717448777266405,
				0.53842539592010907,
				1.0
			],
			"intrinsic" : 
			{
				"height" : 989,
				"intrinsic_matrix" : 
				[
					856.49912434281009,
					0.0,
					0.0,
					0.0,
					856.49912434281009,
					0.0,
					959.5,
					494.0,
					1.0
				],
				"width" : 1920
			},
			"version_major" : 1,
			"version_minor" : 0
		},
		{
			"class_name" : "PinholeCameraParameters",
			"extrinsic" : 
			[
				0.84951117804981968,
				0.52736772218180317,
				0.014630241596917328,
				0.0,
				0.40645837365570781,
				-0.6365613583477856,
				-0.65542446364442275,
				0.0,
				-0.33633665999049933,
				0.56273699243891784,
				-0.7551190161075515,
				0.0,
				-0.14039407980820751,
				0.30538065555502897,
				0.53842539592010907,
				1.0
			],
			"intrinsic" : 
			{
				"height" : 989,
				"intrinsic_matrix" : 
				[
					856.49912434281009,
					0.0,
					0.0,
					0.0,
					856.49912434281009,
					0.0,
					959.5,
					494.0,
					1.0
				],
				"width" : 1920
			},
			"version_major" : 1,
			"version_minor" : 0
		},
		{
			"class_name" : "PinholeCameraParameters",
			"extrinsic" : 
			[
				0.78362893392951538,
				0.62105688140403614,
				0.014630241596917328,
				0.0,
				0.4765881041920968,
				-0.58590319285612691,
				-0.65542446364442275,
				0.0,
				-0.39848396812302783,
				0.52058217282355068,
				-0.7551190161075515,
				0.0,
				-0.17439594372986345,
				0.2873219400654653,
				0.53842539592010907,
				1.0
			],
			"intrinsic" : 
			{
				"height" : 989,
				"intrinsic_matrix" : 
				[
					856.49912434281009,
					0.0,
					0.0,
					0.0,
					856.49912434281009,
					0.0,
					959.5,
					494.0,
					1.0
				],
				"width" : 1920
			},
			"version_major" : 1,
			"version_minor" : 0
		},
		{
			"class_name" : "PinholeCameraParameters",
			"extrinsic" : 
			[
				0.75604891006736596,
				0.65435158868666621,
				0.014630241596917328,
				0.0,
				0.50147043135681924,
				-0.56475320178926536,
				-0.65542446364442275,
				0.0,
				-0.42061556326502458,
				0.50286958493431433,
				-0.7551190161075515,
				0.0,
				-0.18665347632179111,
				0.27951444007314397,
				0.53842539592010907,
				1.0
			],
			"intrinsic" : 
			{
				"height" : 989,
				"intrinsic_matrix" : 
				[
					856.49912434281009,
					0.0,
					0.0,
					0.0,
					856.49912434281009,
					0.0,
					959.5,
					494.0,
					1.0
				],
				"width" : 1920
			},
			"version_major" : 1,
			"version_minor" : 0
		},
		{
			"class_name" : "PinholeCameraParameters",
			"extrinsic" : 
			[
				0.73345855081994038,
				0.67957671403597164,
				0.014630241596917328,
				0.0,
				0.52030581542500853,
				-0.54744920393707552,
				-0.65542446364442275,
				0.0,
				-0.43740188918662637,
				0.48833887706052398,
				-0.7551190161075515,
				0.0,
				-0.19601100047669384,
				0.27303393584779545,
				0.53842539592010907,
				1.0
			],
			"intrinsic" : 
			{
				"height" : 989,
				"intrinsic_matrix" : 
				[
					856.49912434281009,
					0.0,
					0.0,
					0.0,
					856.49912434281009,
					0.0,
					959.5,
					494.0,
					1.0
				],
				"width" : 1920
			},
			"version_major" : 1,
			"version_minor" : 0
		},
		{
			"class_name" : "PinholeCameraParameters",
			"extrinsic" : 
			[
				0.72235688804444154,
				0.69136566469963368,
				0.014630241596917328,
				0.0,
				0.52910330525375737,
				-0.53895126386897929,
				-0.65542446364442275,
				0.0,
				-0.44525298276856007,
				0.48119128509197234,
				-0.7551190161075515,
				0.0,
				-0.20040697197351359,
				0.26982380921041776,
				0.53842539592010907,
				1.0
			],
			"intrinsic" : 
			{
				"height" : 989,
				"intrinsic_matrix" : 
				[
					856.49912434281009,
					0.0,
					0.0,
					0.0,
					856.49912434281009,
					0.0,
					959.5,
					494.0,
					1.0
				],
				"width" : 1920
			},
			"version_major" : 1,
			"version_minor" : 0
		},
		{
			"class_name" : "PinholeCameraParameters",
			"extrinsic" : 
			[
				0.70307082734514315,
				0.71096931562974763,
				0.014630241596917328,
				0.0,
				0.54372459006600882,
				-0.52419685483029321,
				-0.65542446364442275,
				0.0,
				-0.45831755573375826,
				0.46876464203158152,
				-0.7551190161075515,
				0.0,
				-0.20775144947651428,
				0.26421047986940238,
				0.53842539592010907,
				1.0
			],
			"intrinsic" : 
			{
				"height" : 989,
				"intrinsic_matrix" : 
				[
					856.49912434281009,
					0.0,
					0.0,
					0.0,
					856.49912434281009,
					0.0,
					959.5,
					494.0,
					1.0
				],
				"width" : 1920
			},
			"version_major" : 1,
			"version_minor" : 0
		},
		{
			"class_name" : "PinholeCameraParameters",
			"extrinsic" : 
			[
				0.67068918553273704,
				0.74159421009083504,
				0.014630241596917328,
				0.0,
				0.56654440652959714,
				-0.49944590086059104,
				-0.65542446364442275,
				0.0,
				-0.47875197319641449,
				0.4478747812428191,
				-0.7551190161075515,
				0.0,
				-0.21931916815041186,
				0.25468989951355342,
				0.53842539592010907,
				1.0
			],
			"intrinsic" : 
			{
				"height" : 989,
				"intrinsic_matrix" : 
				[
					856.49912434281009,
					0.0,
					0.0,
					0.0,
					856.49912434281009,
					0.0,
					959.5,
					494.0,
					1.0
				],
				"width" : 1920
			},
			"version_major" : 1,
			"version_minor" : 0
		},
		{
			"class_name" : "PinholeCameraParameters",
			"extrinsic" : 
			[
				0.58599079380846575,
				0.81018562416432705,
				0.014630241596917328,
				0.0,
				0.61753782804841306,
				-0.43481697688299797,
				-0.65542446364442275,
				0.0,
				-0.52465400074808644,
				0.39310742935206705,
				-0.7551190161075515,
				0.0,
				-0.24573639252576157,
				0.2293064931937982,
				0.53842539592010907,
				1.0
			],
			"intrinsic" : 
			{
				"height" : 989,
				"intrinsic_matrix" : 
				[
					856.49912434281009,
					0.0,
					0.0,
					0.0,
					856.49912434281009,
					0.0,
					959.5,
					494.0,
					1.0
				],
				"width" : 1920
			},
			"version_major" : 1,
			"version_minor" : 0
		},
		{
			"class_name" : "PinholeCameraParameters",
			"extrinsic" : 
			[
				0.56091119459743444,
				0.82774669302033155,
				0.014630241596917328,
				0.0,
				0.63056082384388812,
				-0.41570641069117259,
				-0.65542446364442275,
				0.0,
				-0.53644354708449615,
				0.37686017606556327,
				-0.7551190161075515,
				0.0,
				-0.2526417123658522,
				0.22167545557698204,
				0.53842539592010907,
				1.0
			],
			"intrinsic" : 
			{
				"height" : 989,
				"intrinsic_matrix" : 
				[
					856.49912434281009,
					0.0,
					0.0,
					0.0,
					856.49912434281009,
					0.0,
					959.5,
					494.0,
					1.0
				],
				"width" : 1920
			},
			"version_major" : 1,
			"version_minor" : 0
		},
		{
			"class_name" : "PinholeCameraParameters",
			"extrinsic" : 
			[
				0.54950964504101396,
				0.83535926764339841,
				0.014630241596917328,
				0.0,
				0.63620110130388496,
				-0.40702202785125124,
				-0.65542446364442275,
				0.0,
				-0.54156006934284118,
				0.36946984018474444,
				-0.7551190161075515,
				0.0,
				-0.25565724879338098,
				0.21819077334253134,
				0.53842539592010907,
				1.0
			],
			"intrinsic" : 
			{
				"height" : 989,
				"intrinsic_matrix" : 
				[
					856.49912434281009,
					0.0,
					0.0,
					0.0,
					856.49912434281009,
					0.0,
					959.5,
					494.0,
					1.0
				],
				"width" : 1920
			},
			"version_major" : 1,
			"version_minor" : 0
		},
		{
			"class_name" : "PinholeCameraParameters",
			"extrinsic" : 
			[
				0.52646854087828199,
				0.85006872163155645,
				0.014630241596917328,
				0.0,
				0.64708987883571012,
				-0.38947844762554806,
				-0.65542446364442275,
				0.0,
				-0.55145767215070884,
				0.3545274422930963,
				-0.7551190161075515,
				0.0,
				-0.26152626559344855,
				0.21112047469906264,
				0.53842539592010907,
				1.0
			],
			"intrinsic" : 
			{
				"height" : 989,
				"intrinsic_matrix" : 
				[
					856.49912434281009,
					0.0,
					0.0,
					0.0,
					856.49912434281009,
					0.0,
					959.5,
					494.0,
					1.0
				],
				"width" : 1920
			},
			"version_major" : 1,
			"version_minor" : 0
		},
		{
			"class_name" : "PinholeCameraParameters",
			"extrinsic" : 
			[
				0.48159722134750971,
				0.87627054750298083,
				0.014630241596917328,
				0.0,
				0.66644924766214986,
				-0.35533670334905637,
				-0.65542446364442275,
				0.0,
				-0.56913049178629704,
				0.32540091399971693,
				-0.7551190161075515,
				0.0,
				-0.27214068613058129,
				0.19724930769153287,
				0.53842539592010907,
				1.0
			],
			"intrinsic" : 
			{
				"height" : 989,
				"intrinsic_matrix" : 
				[
					856.49912434281009,
					0.0,
					0.0,
					0.0,
					856.49912434281009,
					0.0,
					959.5,
					494.0,
					1.0
				],
				"width" : 1920
			},
			"version_major" : 1,
			"version_minor" : 0
		},
		{
			"class_name" : "PinholeCameraParameters",
			"extrinsic" : 
			[
				0.43639549839998631,
				0.8996359958377852,
				0.014630241596917328,
				0.0,
				0.68366318641306512,
				-0.32097261565428836,
				-0.65542446364442275,
				0.0,
				-0.5849475331341798,
				0.29602644306379305,
				-0.7551190161075515,
				0.0,
				-0.28182288327517924,
				0.18314940593645745,
				0.53842539592010907,
				1.0
			],
			"intrinsic" : 
			{
				"height" : 989,
				"intrinsic_matrix" : 
				[
					856.49912434281009,
					0.0,
					0.0,
					0.0,
					856.49912434281009,
					0.0,
					959.5,
					494.0,
					1.0
				],
				"width" : 1920
			},
			"version_major" : 1,
			"version_minor" : 0
		},
		{
			"class_name" : "PinholeCameraParameters",
			"extrinsic" : 
			[
				0.40993029185732965,
				0.91199951307474969,
				0.014630241596917328,
				0.0,
				0.69274728243206751,
				-0.30086537710312578,
				-0.65542446364442275,
				0.0,
				-0.59334505854582609,
				0.27881340177978109,
				-0.7551190161075515,
				0.0,
				-0.28705254308296274,
				0.17483901149919712,
