{
	"class_name" : "PinholeCameraTrajectory",
	"parameters" : 
	[
		{
			"class_name" : "PinholeCameraParameters",
			"extrinsic" : 
			[
				1.0,
				-0.0,
				-0.0,
				0.0,
				0.0,
				-1.0,
				-0.0,
				0.0,
				0.0,
				-0.0,
				-1.0,
				0.0,
				0.038608804349976156,
				0.10932064141614181,
				0.38496232232294403,
				1.0
			],
			"intrinsic" : 
			{
				"height" : 989,
				"intrinsic_matrix" : 
				[
					856.49912434281009,
					0.0,
					0.0,
					0.0,
					856.49912434281009,
					0.0,
					959.5,
					494.0,
					1.0
				],
				"width" : 1920
			},
			"version_major" : 1,
			"version_minor" : 0
		},
		{
			"class_name" : "PinholeCameraParameters",
			"extrinsic" : 
			[
				1.0,
				-0.0,
				-0.0,
				0.0,
				0.0,
				-1.0,
				-0.0,
				0.0,
				0.0,
				-0.0,
				-1.0,
				0.0,
				0.038608804349976156,
				0.10932064141614181,
				0.38496232232294403,
				1.0
			],
			"intrinsic" : 
			{
				"height" : 989,
				"intrinsic_matrix" : 
				[
					856.49912434281009,
					0.0,
					0.0,
					0.0,
					856.49912434281009,
					0.0,
					959.5,
					494.0,
					1.0
				],
				"width" : 1920
			},
			"version_major" : 1,
			"version_minor" : 0
		},
		{
			"class_name" : "PinholeCameraParameters",
			"extrinsic" : 
			[
				1.0,
				-0.0,
				-0.0,
				0.0,
				0.0,
				-1.0,
				-0.0,
				0.0,
				0.0,
				-0.0,
				-1.0,
				0.0,
				0.038608804349976156,
				0.10932064141614181,
				0.38496232232294403,
				1.0
			],
			"intrinsic" : 
			{
				"height" : 989,
				"intrinsic_matrix" : 
				[
					856.49912434281009,
					0.0,
					0.0,
					0.0,
					856.49912434281009,
					0.0,
					959.5,
					494.0,
					1.0
				],
				"width" : 1920
			},
			"version_major" : 1,
			"version_minor" : 0
		},
		{
			"class_name" : "PinholeCameraParameters",
			"extrinsic" : 
			[
				1.0,
				-0.0,
				-0.0,
				0.0,
				0.0,
				-1.0,
				-0.0,
				0.0,
				0.0,
				-0.0,
				-1.0,
				0.0,
				0.038608804349976156,
				0.10932064141614181,
				0.38496232232294403,
				1.0
			],
			"intrinsic" : 
			{
				"height" : 989,
				"intrinsic_matrix" : 
				[
					856.49912434281009,
					0.0,
					0.0,
					0.0,
					856.49912434281009,
					0.0,
					959.5,
					494.0,
					1.0
				],
				"width" : 1920
			},
			"version_major" : 1,
			"version_minor" : 0
		},
		{
			"class_name" : "PinholeCameraParameters",
			"extrinsic" : 
			[
				1.0,
				-0.0,
				-0.0,
				0.0,
				0.0,
				-1.0,
				-0.0,
				0.0,
				0.0,
				-0.0,
				-1.0,
				0.0,
				0.038608804349976156,
				0.10932064141614181,
				0.38496232232294403,
				1.0
			],
			"intrinsic" : 
			{
				"height" : 989,
				"intrinsic_matrix" : 
				[
					856.49912434281009,
					0.0,
					0.0,
					0.0,
					856.49912434281009,
					0.0,
					959.5,
					494.0,
					1.0
				],
				"width" : 1920
			},
			"version_major" : 1,
			"version_minor" : 0
		},
		{
			"class_name" : "PinholeCameraParameters",
			"extrinsic" : 
			[
				1.0,
				-0.0,
				-0.0,
				0.0,
				0.0,
				-1.0,
				-0.0,
				0.0,
				0.0,
				-0.0,
				-1.0,
				0.0,
				0.038608804349976156,
				0.10932064141614181,
				0.38496232232294403,
				1.0
			],
			"intrinsic" : 
			{
				"height" : 989,
				"intrinsic_matrix" : 
				[
					856.49912434281009,
					0.0,
					0.0,
					0.0,
					856.49912434281009,
					0.0,
					959.5,
					494.0,
					1.0
				],
				"width" : 1920
			},
			"version_major" : 1,
			"version_minor" : 0
		},
		{
			"class_name" : "PinholeCameraParameters",
			"extrinsic" : 
			[
				1.0,
				-0.0,
				-0.0,
				0.0,
				0.0,
				-1.0,
				-0.0,
				0.0,
				0.0,
				-0.0,
				-1.0,
				0.0,
				0.038608804349976156,
				0.10932064141614181,
				0.38496232232294403,
				1.0
			],
			"intrinsic" : 
			{
				"height" : 989,
				"intrinsic_matrix" : 
				[
					856.49912434281009,
					0.0,
					0.0,
					0.0,
					856.49912434281009,
					0.0,
					959.5,
					494.0,
					1.0
				],
				"width" : 1920
			},
			"version_major" : 1,
			"version_minor" : 0
		},
		{
			"class_name" : "PinholeCameraParameters",
			"extrinsic" : 
			[
				1.0,
				-0.0,
				-0.0,
				0.0,
				0.0,
				-1.0,
				-0.0,
				0.0,
				0.0,
				-0.0,
				-1.0,
				0.0,
				0.038608804349976156,
				0.10932064141614181,
				0.38496232232294403,
				1.0
			],
			"intrinsic" : 
			{
				"height" : 989,
				"intrinsic_matrix" : 
				[
					856.49912434281009,
					0.0,
					0.0,
					0.0,
					856.49912434281009,
					0.0,
					959.5,
					494.0,
					1.0
				],
				"width" : 1920
			},
			"version_major" : 1,
			"version_minor" : 0
		},
		{
			"class_name" : "PinholeCameraParameters",
			"extrinsic" : 
			[
				1.0,
				-0.0,
				-0.0,
				0.0,
				0.0,
				-1.0,
				-0.0,
				0.0,
				0.0,
				-0.0,
				-1.0,
				0.0,
				0.038608804349976156,
				0.10932064141614181,
				0.38496232232294403,
				1.0
			],
			"intrinsic" : 
			{
				"height" : 989,
				"intrinsic_matrix" : 
				[
					856.49912434281009,
					0.0,
					0.0,
					0.0,
					856.49912434281009,
					0.0,
					959.5,
					494.0,
					1.0
				],
				"width" : 1920
			},
			"version_major" : 1,
			"version_minor" : 0
		},
		{
			"class_name" : "PinholeCameraParameters",
			"extrinsic" : 
			[
				0.97986746209767761,
				-0.00035621300050380162,
				-0.19964876617338428,
				0.0,
				-0.00035913608316206781,
				-0.99999993527791686,
				2.1573962994079869e-05,
				0.0,
				-0.19964876093662631,
				5.0561451525250517e-05,
				-0.97986752660755605,
				0.0,
				-0.036064344451618546,
				0.10932560560008454,
				0.38470734097721015,
				1.0
			],
			"intrinsic" : 
			{
				"height" : 989,
				"intrinsic_matrix" : 
				[
					856.49912434281009,
					0.0,
					0.0,
					0.0,
					856.49912434281009,
					0.0,
					959.5,
					494.0,
					1.0
				],
				"width" : 1920
			},
			"version_major" : 1,
			"version_minor" : 0
		},
		{
			"class_name" : "PinholeCameraParameters",
			"extrinsic" : 
			[
				0.96215327313196519,
				-0.0011477254114050023,
				-0.27250644346111541,
				0.0,
				-0.00032951036415448985,
				-0.99999529964348011,
				0.0030482968796397111,
				0.0,
				-0.27250866119146744,
				-0.0028431351228039871,
				-0.96214912885597292,
				0.0,
				-0.06373341841070379,
				0.10822292855592237,
				0.38812509231525233,
				1.0
			],
			"intrinsic" : 
			{
				"height" : 989,
				"intrinsic_matrix" : 
				[
					856.49912434281009,
					0.0,
					0.0,
					0.0,
					856.49912434281009,
					0.0,
					959.5,
					494.0,
					1.0
				],
				"width" : 1920
			},
			"version_major" : 1,
			"version_minor" : 0
		},
		{
			"class_name" : "PinholeCameraParameters",
			"extrinsic" : 
			[
				0.96215327313196519,
				-0.0011477254114050023,
				-0.27250644346111541,
				0.0,
				-0.00032951036415448985,
				-0.99999529964348011,
				0.0030482968796397111,
				0.0,
				-0.27250866119146744,
				-0.0028431351228039871,
				-0.96214912885597292,
				0.0,
				-0.06373341841070379,
				0.10822292855592237,
				0.38812509231525233,
				1.0
			],
			"intrinsic" : 
			{
				"height" : 989,
				"intrinsic_matrix" : 
				[
					856.49912434281009,
					0.0,
					0.0,
					0.0,
					856.49912434281009,
					0.0,
					959.5,
					494.0,
					1.0
				],
				"width" : 1920
			},
			"version_major" : 1,
			"version_minor" : 0
		},
		{
			"class_name" : "PinholeCameraParameters",
			"extrinsic" : 
			[
				0.92028259124528966,
				-0.0063089449376261056,
				-0.3912034630018365,
				0.0,
				0.0008111480867765454,
				-0.9998370710178287,
				0.018032566574693393,
				0.0,
				-0.39125349108939156,
				-0.016912381034716331,
				-0.92012753305077222,
				0.0,
				-0.10944898453811805,
				0.10279615556249663,
				0.39746593962091015,
				1.0
			],
			"intrinsic" : 
			{
				"height" : 989,
				"intrinsic_matrix" : 
				[
					856.49912434281009,
					0.0,
					0.0,
					0.0,
					856.49912434281009,
					0.0,
					959.5,
					494.0,
					1.0
				],
				"width" : 1920
			},
			"version_major" : 1,
			"version_minor" : 0
		},
		{
			"class_name" : "PinholeCameraParameters",
			"extrinsic" : 
			[
				0.90560602966138404,
				-0.01139724466488308,
				-0.42396676975323577,
				0.0,
				0.0014596547041185841,
				-0.99954918854162589,
				0.02998814922468488,
				0.0,
				-0.42411742294922189,
				-0.027776293846120258,
				-0.90518113604465089,
				0.0,
				-0.12225689089851813,
				0.09854504209088652,
				0.40042903419068049,
				1.0
			],
			"intrinsic" : 
			{
				"height" : 989,
				"intrinsic_matrix" : 
				[
					856.49912434281009,
					0.0,
					0.0,
					0.0,
					856.49912434281009,
					0.0,
					959.5,
					494.0,
					1.0
				],
				"width" : 1920
			},
			"version_major" : 1,
			"version_minor" : 0
		},
		{
			"class_name" : "PinholeCameraParameters",
			"extrinsic" : 
			[
				0.89650370308366312,
				-0.012725860236418635,
				-0.44285343268232941,
				0.0,
				0.0020890377101149427,
				-0.99945483804867508,
				0.032949394873690363,
				0.0,
				-0.44303131523485456,
				-0.030464392039556504,
				-0.89598837857359248,
				0.0,
				-0.12968143048098962,
				0.09748795886522188,
				0.40278043406418101,
				1.0
			],
			"intrinsic" : 
			{
				"height" : 989,
				"intrinsic_matrix" : 
				[
					856.49912434281009,
					0.0,
					0.0,
					0.0,
					856.49912434281009,
					0.0,
					959.5,
					494.0,
					1.0
				],
				"width" : 1920
			},
			"version_major" : 1,
			"version_minor" : 0
		},
		{
			"class_name" : "PinholeCameraParameters",
			"extrinsic" : 
			[
				0.87855585574112682,
				-0.016974973612652912,
				-0.47733788725998511,
				0.0,
				0.003426114052625307,
				-0.99911860501646055,
				0.041836286312967895,
				0.0,
				-0.47762733389691475,
				-0.038390928366112208,
				-0.87772334282148001,
				0.0,
				-0.14333234884351237,
				0.094351746391526631,
				0.40724152650392831,
				1.0
			],
			"intrinsic" : 
			{
				"height" : 989,
				"intrinsic_matrix" : 
				[
					856.49912434281009,
					0.0,
					0.0,
					0.0,
					856.49912434281009,
					0.0,
					959.5,
					494.0,
					1.0
				],
				"width" : 1920
			},
			"version_major" : 1,
			"version_minor" : 0
		},
		{
			"class_name" : "PinholeCameraParameters",
			"extrinsic" : 
			[
				0.85927633993450692,
				-0.020042029125792303,
				-0.51111885965720216,
				0.0,
				0.0050547104063415824,
				-0.99885059710004331,
				0.047664814859548633,
				0.0,
				-0.51148667776538015,
				-0.043540805474955556,
				-0.85818737856433569,
				0.0,
				-0.15679374069685834,
				0.092296899127848497,
				0.41253477954555462,
				1.0
			],
			"intrinsic" : 
			{
				"height" : 989,
				"intrinsic_matrix" : 
				[
					856.49912434281009,
					0.0,
					0.0,
					0.0,
					856.49912434281009,
					0.0,
					959.5,
					494.0,
					1.0
				],
				"width" : 1920
			},
			"version_major" : 1,
			"version_minor" : 0
		},
		{
			"class_name" : "PinholeCameraParameters",
			"extrinsic" : 
			[
				0.83705788823819227,
				-0.023322131383228497,
				-0.54661702308468363,
				0.0,
				0.0070515865179645023,
				-0.99854815627853755,
				0.053402759482195208,
				0.0,
				-0.54706888676454435,
				-0.048555718308732267,
				-0.83567815297142078,
				0.0,
				-0.17104688359235332,
				0.090280042929882107,
				0.41887271240882007,
				1.0
			],
			"intrinsic" : 
			{
				"height" : 989,
				"intrinsic_matrix" : 
				[
					856.49912434281009,
					0.0,
					0.0,
					0.0,
					856.49912434281009,
					0.0,
					959.5,
					494.0,
					1.0
				],
				"width" : 1920
			},
			"version_major" : 1,
			"version_minor" : 0
		},
		{
			"class_name" : "PinholeCameraParameters",
			"extrinsic" : 
			[
				0.79193147040693146,
				-0.033954392969524246,
				-0.6096651912133304,
				0.0,
				0.011622468037043036,
				-0.99743361631251271,
				0.070647712535306065,
				0.0,
				-0.61049935660559351,
				-0.063033961067145788,
				-0.78950443655266578,
				0.0,
				-0.19677880117653199,
				0.084386032830118612,
				0.43165259397677469,
				1.0
			],
			"intrinsic" : 
			{
				"height" : 989,
				"intrinsic_matrix" : 
				[
					856.49912434281009,
					0.0,
					0.0,
					0.0,
					856.49912434281009,
					0.0,
					959.5,
					494.0,
					1.0
				],
				"width" : 1920
			},
			"version_major" : 1,
			"version_minor" : 0
		},
		{
			"class_name" : "PinholeCameraParameters",
			"extrinsic" : 
			[
				0.78641248475197445,
				-0.033954392969524239,
				-0.61676778695413137,
				0.0,
				0.012257818159420258,
				-0.99743361631251271,
				0.0705402505220524,
				0.0,
				-0.61758007555311911,
				-0.063033961067145788,
				-0.78397804180473663,
				0.0,
				-0.19968351345039498,
				0.084386032830118626,
				0.4334366864352362,
				1.0
			],
			"intrinsic" : 
			{
				"height" : 989,
				"intrinsic_matrix" : 
				[
					856.49912434281009,
					0.0,
					0.0,
					0.0,
					856.49912434281009,
					0.0,
					959.5,
					494.0,
					1.0
				],
				"width" : 1920
			},
			"version_major" : 1,
			"version_minor" : 0
		},
		{
			"class_name" : "PinholeCameraParameters",
			"extrinsic" : 
			[
				0.76370732654569129,
				-0.037752630457299555,
				-0.64445780177912937,
				0.0,
				0.014878522633587361,
				-0.99699406128065915,
				0.076035987107021891,
				0.0,
				-0.6453911596424875,
				-0.067657820424929072,
				-0.76084996575584685,
				0.0,
				-0.21114579562326408,
				0.082478999886035909,
				0.44033173729976799,
				1.0
			],
			"intrinsic" : 
			{
				"height" : 989,
				"intrinsic_matrix" : 
				[
					856.49912434281009,
					0.0,
					0.0,
					0.0,
					856.49912434281009,
					0.0,
					959.5,
					494.0,
					1.0
				],
				"width" : 1920
			},
			"version_major" : 1,
			"version_minor" : 0
		},
		{
			"class_name" : "PinholeCameraParameters",
			"extrinsic" : 
			[
				0.74802474621462811,
				-0.041673381399388032,
				-0.66236116155257962,
				0.0,
				0.016770691368789583,
				-0.99652100632448981,
				0.081637172078895606,
				0.0,
				-0.66345890826904586,
				-0.072174879541067105,
				-0.74472348143567924,
				0.0,
				-0.21864909052904688,
				0.080603125511437945,
				0.44500024043781533,
				1.0
			],
			"intrinsic" : 
			{
				"height" : 989,
				"intrinsic_matrix" : 
				[
					856.49912434281009,
					0.0,
					0.0,
					0.0,
					856.49912434281009,
					0.0,
					959.5,
					494.0,
					1.0
				],
				"width" : 1920
			},
			"version_major" : 1,
			"version_minor" : 0
		},
		{
			"class_name" : "PinholeCameraParameters",
			"extrinsic" : 
			[
				0.7380055501592051,
				-0.043693710631793337,
				-0.6733785470190109,
				0.0,
				0.017993316362176753,
				-0.99627239303812209,
				0.084365629473053275,
				0.0,
				-0.67455470386062821,
				-0.074378616021804303,
				-0.73446836077409172,
				0.0,
				-0.22327863887408955,
				0.079681843651065218,
				0.44807433292175958,
				1.0
			],
			"intrinsic" : 
			{
				"height" : 989,
				"intrinsic_matrix" : 
				[
					856.49912434281009,
					0.0,
					0.0,
					0.0,
					856.49912434281009,
					0.0,
					959.5,
					494.0,
					1.0
				],
				"width" : 1920
			},
			"version_major" : 1,
			"version_minor" : 0
		},
		{
			"class_name" : "PinholeCameraParameters",
			"extrinsic" : 
			[
				0.7380055501592051,
				-0.043693710631793337,
				-0.6733785470190109,
				0.0,
				0.017993316362176753,
				-0.99627239303812209,
				0.084365629473053275,
				0.0,
				-0.67455470386062821,
				-0.074378616021804303,
				-0.73446836077409172,
				0.0,
				-0.22327863887408955,
				0.079681843651065218,
				0.44807433292175958,
				1.0
			],
			"intrinsic" : 
			{
				"height" : 989,
				"intrinsic_matrix" : 
				[
					856.49912434281009,
					0.0,
					0.0,
					0.0,
					856.49912434281009,
					0.0,
					959.5,
					494.0,
					1.0
				],
				"width" : 1920
			},
			"version_major" : 1,
			"version_minor" : 0
		},
		{
			"class_name" : "PinholeCameraParameters",
			"extrinsic" : 
			[
				0.72163595133466107,
				-0.054012699808525327,
				-0.69016243160629442,
				0.0,
				0.020066499308749826,
				-0.99490066063998572,
				0.09884336631060249,
				0.0,
				-0.69198185622659991,
				-0.085178070637424816,
				-0.71687223892104734,
				0.0,
				-0.23059101791496389,
				0.07513416288765129,
				0.45235991222664695,
				1.0
			],
			"intrinsic" : 
			{
				"height" : 989,
				"intrinsic_matrix" : 
				[
					856.49912434281009,
					0.0,
					0.0,
					0.0,
					856.49912434281009,
					0.0,
					959.5,
					494.0,
					1.0
				],
				"width" : 1920
			},
			"version_major" : 1,
			"version_minor" : 0
		},
		{
			"class_name" : "PinholeCameraParameters",
			"extrinsic" : 
			[
				0.72163595133466107,
				-0.05401269980852532,
				-0.69016243160629442,
				0.0,
				0.02006649930874984,
				-0.99490066063998572,
				0.09884336631060249,
				0.0,
				-0.69198185622659991,
				-0.085178070637424816,
				-0.71687223892104734,
				0.0,
				-0.23059101791496389,
				0.075134162887651276,
				0.45235991222664695,
				1.0
			],
			"intrinsic" : 
			{
				"height" : 989,
				"intrinsic_matrix" : 
				[
					856.49912434281009,
					0.0,
					0.0,
					0.0,
					856.49912434281009,
					0.0,
					959.5,
					494.0,
					1.0
				],
				"width" : 1920
			},
			"version_major" : 1,
			"version_minor" : 0
		},
		{
			"class_name" : "PinholeCameraParameters",
			"extrinsic" : 
			[
				0.70274282994226167,
				-0.062495944841308201,
				-0.70869370805950704,
				0.0,
				0.022763437527484373,
				-0.99364906272827991,
				0.11019694211339733,
				0.0,
				-0.71107970079075811,
				-0.093572415901286274,
				-0.69685713177503095,
				0.0,
				-0.23868771714273535,
				0.071561165589499029,
				0.4578153751298028,
				1.0
			],
			"intrinsic" : 
			{
				"height" : 989,
				"intrinsic_matrix" : 
				[
					856.49912434281009,
					0.0,
					0.0,
					0.0,
					856.49912434281009,
					0.0,
					959.5,
					494.0,
					1.0
				],
				"width" : 1920
			},
			"version_major" : 1,
			"version_minor" : 0
		},
		{
			"class_name" : "PinholeCameraParameters",
			"extrinsic" : 
			[
				0.68987319077162867,
				-0.066822159497504849,
				-0.72083963518570626,
				0.0,
				0.024743187798519722,
				-0.99297256482485197,
				0.1157292537032977,
				0.0,
				-0.7235072600272503,
				-0.097674379983929693,
				-0.68337175840285913,
				0.0,
				-0.24400327374302661,
				0.069801116693809562,
				0.46173562322637091,
				1.0
			],
			"intrinsic" : 
			{
				"height" : 989,
				"intrinsic_matrix" : 
				[
					856.49912434281009,
					0.0,
					0.0,
					0.0,
					856.49912434281009,
					0.0,
					959.5,
					494.0,
					1.0
				],
				"width" : 1920
			},
			"version_major" : 1,
			"version_minor" : 0
		},
		{
			"class_name" : "PinholeCameraParameters",
			"extrinsic" : 
			[
				0.62235545418670513,
				-0.084963656368440943,
				-0.77810980313871236,
				0.0,
				0.035901323995669115,
				-0.9899465829094789,
				0.13680956809084802,
				0.0,
				-0.78191098187672115,
				-0.11307935303295588,
				-0.61304834747206527,
				0.0,
				-0.26945828106559067,
				0.06306503166519381,
				0.48326256081478175,
				1.0
			],
			"intrinsic" : 
			{
				"height" : 989,
				"intrinsic_matrix" : 
				[
					856.49912434281009,
					0.0,
					0.0,
					0.0,
					856.49912434281009,
					0.0,
					959.5,
					494.0,
					1.0
				],
				"width" : 1920
			},
			"version_major" : 1,
			"version_minor" : 0
		},
		{
			"class_name" : "PinholeCameraParameters",
			"extrinsic" : 
			[
				0.5891356128828662,
				-0.089783427235771193,
				-0.80303061325638669,
				0.0,
				0.041613976366642512,
				-0.9891176797462613,
				0.14111871805089871,
				0.0,
				-0.80696189910310268,
				-0.11655535940990235,
				-0.57898820505148674,
				0.0,
				-0.28064237489933946,
				0.061501074494047875,
				0.49444267361080246,
				1.0
			],
			"intrinsic" : 
			{
				"height" : 989,
				"intrinsic_matrix" : 
				[
					856.49912434281009,
					0.0,
					0.0,
					0.0,
					856.49912434281009,
					0.0,
					959.5,
					494.0,
					1.0
				],
				"width" : 1920
			},
			"version_major" : 1,
			"version_minor" : 0
		},
		{
			"class_name" : "PinholeCameraParameters",
			"extrinsic" : 
			[
				0.58188457510011604,
				-0.089783427235771193,
				-0.80830023967233644,
				0.0,
				0.042882342328579133,
				-0.98911767974626141,
				0.14073848205017375,
				0.0,
				-0.81214004086547298,
				-0.11655535940990236,
				-0.57170219714100845,
				0.0,
				-0.28297858763365036,
				0.061501074494047847,
				0.4969789850623263,
				1.0
			],
			"intrinsic" : 
			{
				"height" : 989,
				"intrinsic_matrix" : 
				[
					856.49912434281009,
					0.0,
					0.0,
					0.0,
					856.49912434281009,
					0.0,
					959.5,
					494.0,
					1.0
				],
				"width" : 1920
			},
			"version_major" : 1,
			"version_minor" : 0
		},
		{
			"class_name" : "PinholeCameraParameters",
			"extrinsic" : 
			[
				0.55738065300313666,
				-0.092238947492775794,
				-0.8251174366253704,
				0.0,
				0.047120167660289647,
				-0.98869339782213561,
				0.14235538241523082,
				0.0,
				-0.82891887266334052,
				-0.11822580796232846,
				-0.54673225702732364,
				0.0,
				-0.29060157333554826,
				0.060741276577765478,
				0.50539994934337773,
				1.0
			],
			"intrinsic" : 
			{
				"height" : 989,
				"intrinsic_matrix" : 
				[
					856.49912434281009,
					0.0,
					0.0,
					0.0,
					856.49912434281009,
					0.0,
					959.5,
					494.0,
					1.0
				],
				"width" : 1920
			},
			"version_major" : 1,
			"version_minor" : 0
		},
		{
			"class_name" : "PinholeCameraParameters",
			"extrinsic" : 
			[
				0.5524199452659031,
				-0.09223894749277578,
				-0.82844684840841887,
				0.0,
				0.047973446669523093,
				-0.98869339782213572,
				0.14207010071639575,
				0.0,
				-0.83218432602823222,
				-0.11822580796232846,
				-0.54174893248126621,
				0.0,
				-0.29209566345015231,
				0.060741276577765471,
				0.50714804629802879,
				1.0
			],
			"intrinsic" : 
			{
				"height" : 989,
				"intrinsic_matrix" : 
				[
					856.49912434281009,
					0.0,
					0.0,
					0.0,
					856.49912434281009,
					0.0,
					959.5,
					494.0,
					1.0
				],
				"width" : 1920
			},
			"version_major" : 1,
			"version_minor" : 0
		},
		{
			"class_name" : "PinholeCameraParameters",
			"extrinsic" : 
			[
				0.5524199452659031,
				-0.09223894749277578,
				-0.82844684840841887,
				0.0,
				0.047973446669523093,
				-0.98869339782213572,
				0.14207010071639575,
				0.0,
				-0.83218432602823222,
				-0.11822580796232846,
				-0.54174893248126621,
				0.0,
				-0.29209566345015231,
				0.060741276577765471,
				0.50714804629802879,
				1.0
			],
			"intrinsic" : 
			{
				"height" : 989,
				"intrinsic_matrix" : 
				[
					856.49912434281009,
					0.0,
					0.0,
					0.0,
					856.49912434281009,
					0.0,
					959.5,
					494.0,
					1.0
				],
				"width" : 1920
			},
			"version_major" : 1,
			"version_minor" : 0
		},
		{
			"class_name" : "PinholeCameraParameters",
			"extrinsic" : 
			[
				0.5524199452659031,
				-0.09223894749277578,
				-0.82844684840841887,
				0.0,
				0.047973446669523093,
				-0.98869339782213572,
				0.14207010071639575,
				0.0,
				-0.83218432602823222,
				-0.11822580796232846,
				-0.54174893248126621,
				0.0,
				-0.29209566345015231,
				0.060741276577765471,
				0.50714804629802879,
				1.0
			],
			"intrinsic" : 
			{
				"height" : 989,
				"intrinsic_matrix" : 
				[
					856.49912434281009,
					0.0,
					0.0,
					0.0,
					856.49912434281009,
					0.0,
					959.5,
					494.0,
					1.0
				],
				"width" : 1920
			},
			"version_major" : 1,
			"version_minor" : 0
		},
		{
			"class_name" : "PinholeCameraParameters",
			"extrinsic" : 
			[
				0.5524199452659031,
				-0.09223894749277578,
				-0.82844684840841887,
				0.0,
				0.047973446669523093,
				-0.98869339782213572,
				0.14207010071639575,
				0.0,
				-0.83218432602823222,
				-0.11822580796232846,
				-0.54174893248126621,
				0.0,
				-0.29209566345015231,
				0.060741276577765471,
				0.50714804629802879,
				1.0
			],
			"intrinsic" : 
			{
				"height" : 989,
				"intrinsic_matrix" : 
				[
					856.49912434281009,
					0.0,
					0.0,
					0.0,
					856.49912434281009,
					0.0,
					959.5,
					494.0,
					1.0
				],
				"width" : 1920
			},
			"version_major" : 1,
			"version_minor" : 0
		},
		{
			"class_name" : "PinholeCameraParameters",
			"extrinsic" : 
			[
				0.5524199452659031,
				-0.09223894749277578,
				-0.82844684840841887,
				0.0,
				0.047973446669523093,
				-0.98869339782213572,
				0.14207010071639575,
				0.0,
				-0.83218432602823222,
				-0.11822580796232846,
				-0.54174893248126621,
				0.0,
				-0.29209566345015231,
				0.060741276577765471,
				0.50714804629802879,
				1.0
			],
			"intrinsic" : 
			{
				"height" : 989,
				"intrinsic_matrix" : 
				[
					856.49912434281009,
					0.0,
					0.0,
					0.0,
					856.49912434281009,
					0.0,
					959.5,
					494.0,
					1.0
				],
				"width" : 1920
			},
			"version_major" : 1,
			"version_minor" : 0
		},
		{
			"class_name" : "PinholeCameraParameters",
			"extrinsic" : 
			[
				0.5524199452659031,
				-0.09223894749277578,
				-0.82844684840841887,
				0.0,
				0.047973446669523093,
				-0.98869339782213572,
				0.14207010071639575,
				0.0,
				-0.83218432602823222,
				-0.11822580796232846,
				-0.54174893248126621,
				0.0,
				-0.29209566345015231,
				0.060741276577765471,
				0.50714804629802879,
				1.0
			],
			"intrinsic" : 
			{
				"height" : 989,
				"intrinsic_matrix" : 
				[
					856.49912434281009,
					0.0,
					0.0,
					0.0,
					856.49912434281009,
					0.0,
					959.5,
					494.0,
					1.0
				],
				"width" : 1920
			},
			"version_major" : 1,
			"version_minor" : 0
		},
		{
			"class_name" : "PinholeCameraParameters",
			"extrinsic" : 
			[
				0.5524199452659031,
				-0.09223894749277578,
				-0.82844684840841887,
				0.0,
				0.047973446669523093,
				-0.98869339782213572,
				0.14207010071639575,
				0.0,
				-0.83218432602823222,
				-0.11822580796232846,
				-0.54174893248126621,
				0.0,
				-0.29209566345015231,
				0.060741276577765471,
				0.50714804629802879,
				1.0
			],
			"intrinsic" : 
			{
				"height" : 989,
				"intrinsic_matrix" : 
				[
					856.49912434281009,
					0.0,
					0.0,
					0.0,
					856.49912434281009,
					0.0,
					959.5,
					494.0,
					1.0
				],
				"width" : 1920
			},
			"version_major" : 1,
			"version_minor" : 0
		},
		{
			"class_name" : "PinholeCameraParameters",
			"extrinsic" : 
			[
				0.5524199452659031,
				-0.09223894749277578,
				-0.82844684840841887,
				0.0,
				0.047973446669523093,
				-0.98869339782213572,
				0.14207010071639575,
				0.0,
				-0.83218432602823222,
				-0.11822580796232846,
				-0.54174893248126621,
				0.0,
				-0.29209566345015231,
				0.060741276577765471,
				0.50714804629802879,
				1.0
			],
			"intrinsic" : 
			{
				"height" : 989,
				"intrinsic_matrix" : 
				[
					856.49912434281009,
					0.0,
					0.0,
					0.0,
					856.49912434281009,
					0.0,
					959.5,
					494.0,
					1.0
				],
				"width" : 1920
			},
			"version_major" : 1,
			"version_minor" : 0
		},
		{
			"class_name" : "PinholeCameraParameters",
			"extrinsic" : 
			[
				0.5524199452659031,
				-0.09223894749277578,
				-0.82844684840841887,
				0.0,
				0.047973446669523093,
				-0.98869339782213572,
				0.14207010071639575,
				0.0,
				-0.83218432602823222,
				-0.11822580796232846,
				-0.54174893248126621,
				0.0,
				-0.29209566345015231,
				0.060741276577765471,
				0.50714804629802879,
				1.0
			],
			"intrinsic" : 
			{
				"height" : 989,
				"intrinsic_matrix" : 
				[
					856.49912434281009,
					0.0,
					0.0,
					0.0,
					856.49912434281009,
					0.0,
					959.5,
					494.0,
					1.0
				],
				"width" : 1920
			},
			"version_major" : 1,
			"version_minor" : 0
		},
		{
			"class_name" : "PinholeCameraParameters",
			"extrinsic" : 
			[
				0.5524199452659031,
				-0.09223894749277578,
				-0.82844684840841887,
				0.0,
				0.047973446669523093,
				-0.98869339782213572,
				0.14207010071639575,
				0.0,
				-0.83218432602823222,
				-0.11822580796232846,
				-0.54174893248126621,
				0.0,
				-0.29209566345015231,
				0.060741276577765471,
				0.50714804629802879,
				1.0
			],
			"intrinsic" : 
			{
				"height" : 989,
				"intrinsic_matrix" : 
				[
					856.49912434281009,
					0.0,
					0.0,
					0.0,
					856.49912434281009,
					0.0,
					959.5,
					494.0,
					1.0
				],
				"width" : 1920
			},
			"version_major" : 1,
			"version_minor" : 0
		},
		{
			"class_name" : "PinholeCameraParameters",
			"extrinsic" : 
			[
				0.4783066348140444,
				-0.089857043655425434,
				-0.87358369650444567,
				0.0,
				0.05970197814776998,
				-0.98912302144800457,
				0.13442961819038879,
				0.0,
				-0.87616119344450982,
				-0.11645325305493824,
				-0.46773946054915538,
				0.0,
				-0.31252503543353055,
				0.061536628843018554,
				0.53364825683253669,
				1.0
			],
			"intrinsic" : 
			{
				"height" : 989,
				"intrinsic_matrix" : 
				[
					856.49912434281009,
					0.0,
					0.0,
					0.0,
					856.49912434281009,
					0.0,
					959.5,
					494.0,
					1.0
				],
				"width" : 1920
			},
			"version_major" : 1,
			"version_minor" : 0
		},
		{
			"class_name" : "PinholeCameraParameters",
			"extrinsic" : 
			[
				0.38408789701788321,
				-0.084466700595695485,
				-0.91942474616189074,
				0.0,
				0.073159702084476447,
				-0.9898912805338338,
				0.1215027189572209,
				0.0,
				-0.92039347311641162,
				-0.11393256432453315,
				-0.37402570156493997,
				0.0,
				-0.33401427614188911,
				0.062762206562200773,
				0.56799620222538227,
				1.0
			],
			"intrinsic" : 
			{
				"height" : 989,
				"intrinsic_matrix" : 
				[
					856.49912434281009,
					0.0,
					0.0,
					0.0,
					856.49912434281009,
					0.0,
					959.5,
					494.0,
					1.0
				],
				"width" : 1920
			},
			"version_major" : 1,
			"version_minor" : 0
		},
		{
			"class_name" : "PinholeCameraParameters",
			"extrinsic" : 
			[
				0.28846160270835769,
				-0.08164688661897597,
				-0.95400403021599123,
				0.0,
				0.085017639989461241,
				-0.9902382381371454,
				0.11045466319565017,
				0.0,
				-0.95370954941929165,
				-0.11296910036142732,
				-0.27870428362330885,
				0.0,
				-0.35134041793285392,
				0.063265801541139782,
				0.60316891237635384,
				1.0
			],
			"intrinsic" : 
			{
				"height" : 989,
				"intrinsic_matrix" : 
				[
					856.49912434281009,
					0.0,
					0.0,
					0.0,
					856.49912434281009,
					0.0,
					959.5,
					494.0,
					1.0
				],
				"width" : 1920
			},
			"version_major" : 1,
			"version_minor" : 0
		},
		{
			"class_name" : "PinholeCameraParameters",
			"extrinsic" : 
			[
				0.230736623724769,
				-0.081646886618975956,
				-0.96958465147583828,
				0.0,
				0.091487958281045861,
				-0.99023823813714551,
				0.10515790612506398,
				0.0,
				-0.96870561264073418,
				-0.11296910036142734,
				-0.22101452079415457,
				0.0,
				-0.35982988102038466,
				0.063265801541139782,
				0.62451042418267311,
				1.0
			],
			"intrinsic" : 
			{
				"height" : 989,
				"intrinsic_matrix" : 
				[
					856.49912434281009,
					0.0,
					0.0,
					0.0,
					856.49912434281009,
					0.0,
					959.5,
					494.0,
					1.0
				],
				"width" : 1920
			},
			"version_major" : 1,
			"version_minor" : 0
		},
		{
			"class_name" : "PinholeCameraParameters",
			"extrinsic" : 
			[
				0.18100923183020659,
				-0.081646886618975956,
				-0.98008644715538573,
				0.0,
				0.096729732609143054,
				-0.9902382381371454,
				0.10035731443400543,
				0.0,
				-0.9787129389262218,
				-0.11296910036142728,
				-0.17134458130307928,
				0.0,
				-0.36602880288572709,
				0.063265801541139782,
				0.64302383357772996,
				1.0
			],
			"intrinsic" : 
			{
				"height" : 989,
				"intrinsic_matrix" : 
				[
					856.49912434281009,
					0.0,
					0.0,
					0.0,
					856.49912434281009,
					0.0,
					959.5,
					494.0,
					1.0
				],
				"width" : 1920
			},
			"version_major" : 1,
			"version_minor" : 0
		},
		{
			"class_name" : "PinholeCameraParameters",
			"extrinsic" : 
			[
				0.089210314934942025,
				-0.08164688661897597,
				-0.99266072029401697,
				0.0,
				0.10563150849675081,
				-0.9902382381371454,
				0.090940728739894186,
				0.0,
				-0.99039563010037024,
				-0.11296910036142732,
				-0.079714981287211245,
				0.0,
				-0.37487260083648671,
				0.063265801541139768,
				0.6775006015640791,
				1.0
			],
			"intrinsic" : 
			{
				"height" : 989,
				"intrinsic_matrix" : 
				[
					856.49912434281009,
					0.0,
					0.0,
					0.0,
					856.49912434281009,
					0.0,
					959.5,
					494.0,
					1.0
				],
				"width" : 1920
			},
			"version_major" : 1,
			"version_minor" : 0
		},
		{
			"class_name" : "PinholeCameraParameters",
			"extrinsic" : 
			[
				0.047452149044133946,
				-0.081646886618975983,
				-0.9955310539890363,
				0.0,
				0.10935674297099493,
				-0.99023823813714551,
				0.086425311673247199,
				0.0,
				-0.99286927453611395,
				-0.11296910036142738,
				-0.038060294870911102,
				0.0,
				-0.37780813343510444,
				0.063265801541139755,
				0.69330922091915226,
				1.0
			],
			"intrinsic" : 
			{
				"height" : 989,
				"intrinsic_matrix" : 
				[
					856.49912434281009,
					0.0,
					0.0,
					0.0,
					856.49912434281009,
					0.0,
					959.5,
					494.0,
					1.0
				],
				"width" : 1920
			},
			"version_major" : 1,
			"version_minor" : 0
		},
		{
			"class_name" : "PinholeCameraParameters",
			"extrinsic" : 
			[
				0.011590026176554106,
				-0.081646886618975983,
				-0.99659392793587442,
				0.0,
				0.11239652667500181,
				-0.9902382381371454,
				0.082433321675386695,
				0.0,
				-0.99359583940585339,
				-0.11296910036142739,
				-0.0023000606312337506,
				0.0,
				-0.37979410404860697,
				0.063265801541139727,
				0.70694753416350575,
				1.0
			],
			"intrinsic" : 
			{
				"height" : 989,
				"intrinsic_matrix" : 
				[
					856.49912434281009,
					0.0,
					0.0,
					0.0,
					856.49912434281009,
					0.0,
					959.5,
					494.0,
					1.0
				],
				"width" : 1920
			},
			"version_major" : 1,
			"version_minor" : 0
		},
		{
			"class_name" : "PinholeCameraParameters",
			"extrinsic" : 
			[
				-0.0123292697749466,
				-0.081646886618975997,
				-0.99658505658686491,
				0.0,
				0.11434236782836513,
				-0.9902382381371454,
				0.079712324332219975,
				0.0,
				-0.99336489369527226,
				-0.11296910036142739,
				0.021544612721288454,
				0.0,
				-0.38084479488006295,
				0.063265801541139741,
				0.71607563910389338,
				1.0
			],
			"intrinsic" : 
			{
				"height" : 989,
				"intrinsic_matrix" : 
				[
					856.49912434281009,
					0.0,
					0.0,
					0.0,
					856.49912434281009,
					0.0,
					959.5,
					494.0,
					1.0
				],
				"width" : 1920
			},
			"version_major" : 1,
			"version_minor" : 0
		},
		{
			"class_name" : "PinholeCameraParameters",
			"extrinsic" : 
			[
				-0.10184126419827419,
				-0.084630497007504968,
				-0.99119424730108285,
				0.0,
				0.12115983718923219,
				-0.99001244315710757,
				0.072080900704510925,
				0.0,
				-0.98739488086518656,
				-0.11275212357360508,
				0.11107793602181502,
				0.0,
				-0.3828351854248897,
				0.063206275993893474,
				0.75027455671962495,
				1.0
			],
			"intrinsic" : 
			{
				"height" : 989,
				"intrinsic_matrix" : 
				[
					856.49912434281009,
					0.0,
					0.0,
					0.0,
					856.49912434281009,
					0.0,
					959.5,
					494.0,
					1.0
				],
				"width" : 1920
			},
			"version_major" : 1,
			"version_minor" : 0
		},
		{
			"class_name" : "PinholeCameraParameters",
			"extrinsic" : 
			[
				-0.14336937360613997,
				-0.084630497007504968,
				-0.98604406680839873,
				0.0,
				0.12407949777389229,
				-0.99001244315710757,
				0.066930117482890142,
				0.0,
				-0.98186022474890078,
				-0.11275212357360508,
				0.15243837340276489,
				0.0,
				-0.38270808847323184,
				0.063206275993893474,
				0.76635332912052045,
				1.0
			],
			"intrinsic" : 
			{
				"height" : 989,
				"intrinsic_matrix" : 
				[
					856.49912434281009,
					0.0,
					0.0,
					0.0,
					856.49912434281009,
					0.0,
					959.5,
					494.0,
					1.0
				],
				"width" : 1920
			},
			"version_major" : 1,
			"version_minor" : 0
		},
		{
			"class_name" : "PinholeCameraParameters",
			"extrinsic" : 
			[
				-0.17287701806090244,
				-0.09052583498094352,
				-0.98077449489032564,
				0.0,
				0.12608471775138883,
				-0.98960876600978165,
				0.069116815509324941,
				0.0,
				-0.97683989505748747,
				-0.11171196640289002,
				0.18249453686748143,
				0.0,
				-0.38220739692893413,
				0.063319730988678324,
				0.77744830697575684,
				1.0
			],
			"intrinsic" : 
			{
				"height" : 989,
				"intrinsic_matrix" : 
				[
					856.49912434281009,
					0.0,
					0.0,
					0.0,
					856.49912434281009,
					0.0,
					959.5,
					494.0,
					1.0
				],
				"width" : 1920
			},
			"version_major" : 1,
			"version_minor" : 0
		},
		{
			"class_name" : "PinholeCameraParameters",
			"extrinsic" : 
			[
				-0.30329109289859751,
				-0.093418388534048713,
				-0.94830771253432067,
				0.0,
				0.13440908443918126,
				-0.9894270669495191,
				0.054481897983578172,
				0.0,
				-0.94337092969234293,
				-0.11093729702572301,
				0.31264069655121862,
				0.0,
				-0.37575812722205548,
				0.063475069667801642,
				0.8284982090998535,
				1.0
			],
			"intrinsic" : 
			{
				"height" : 989,
				"intrinsic_matrix" : 
				[
					856.49912434281009,
					0.0,
					0.0,
					0.0,
					856.49912434281009,
					0.0,
					959.5,
					494.0,
					1.0
				],
				"width" : 1920
			},
			"version_major" : 1,
			"version_minor" : 0
		},
		{
			"class_name" : "PinholeCameraParameters",
			"extrinsic" : 
			[
				-0.3231372179527997,
				-0.093418388534048671,
				-0.94172997353669619,
				0.0,
				0.13552348409191337,
				-0.9894270669495191,
				0.051647501849178122,
				0.0,
				-0.93659795196942108,
				-0.11093729702572291,
				0.33238109527365239,
				0.0,
				-0.37413797987321307,
				0.063475069667801684,
				0.83637240760327591,
				1.0
			],
			"intrinsic" : 
			{
				"height" : 989,
				"intrinsic_matrix" : 
				[
					856.49912434281009,
					0.0,
					0.0,
					0.0,
					856.49912434281009,
					0.0,
					959.5,
					494.0,
					1.0
				],
				"width" : 1920
			},
			"version_major" : 1,
			"version_minor" : 0
		},
		{
			"class_name" : "PinholeCameraParameters",
			"extrinsic" : 
			[
				-0.37072779304379638,
				-0.090632728164629708,
				-0.9243087211804899,
				0.0,
				0.1379445339257927,
				-0.98956158678091977,
				0.041703375494369546,
				0.0,
				-0.91844009550153682,
				-0.11204273538728379,
				0.37936027259330041,
				0.0,
				-0.36951574039454516,
				0.063187953969535582,
				0.85552972795461435,
				1.0
			],
			"intrinsic" : 
			{
				"height" : 989,
				"intrinsic_matrix" : 
				[
					856.49912434281009,
					0.0,
					0.0,
					0.0,
					856.49912434281009,
					0.0,
					959.5,
					494.0,
					1.0
				],
				"width" : 1920
			},
			"version_major" : 1,
			"version_minor" : 0
		},
		{
			"class_name" : "PinholeCameraParameters",
			"extrinsic" : 
			[
				-0.46556021317699159,
				-0.090632728164629681,
				-0.88036321850247157,
				0.0,
				0.14155562577718128,
				-0.98956158678091954,
				0.027016120714476389,
				0.0,
				-0.87362216816964111,
				-0.11204273538728377,
				0.47353007584472434,
				0.0,
				-0.35697463222036674,
				0.063187953969535582,
				0.89370555300270715,
				1.0
			],
			"intrinsic" : 
			{
				"height" : 989,
				"intrinsic_matrix" : 
				[
					856.49912434281009,
					0.0,
					0.0,
					0.0,
					856.49912434281009,
					0.0,
					959.5,
					494.0,
					1.0
				],
				"width" : 1920
			},
			"version_major" : 1,
			"version_minor" : 0
		},
		{
			"class_name" : "PinholeCameraParameters",
			"extrinsic" : 
			[
				-0.48655282721699722,
				-0.085417504180689635,
				-0.86946546585053563,
				0.0,
				0.14216318436758282,
				-0.98968544186515528,
				0.017673572662065304,
				0.0,
				-0.86200694622352991,
				-0.11500685257720308,
				0.49367747419005259,
				0.0,
				-0.35355013257020129,
