{
	"class_name" : "PinholeCameraTrajectory",
	"parameters" : 
	[
		{
			"class_name" : "PinholeCameraParameters",
			"extrinsic" : 
			[
				1.0,
				-0.0,
				-0.0,
				0.0,
				0.0,
				-1.0,
				-0.0,
				0.0,
				0.0,
				-0.0,
				-1.0,
				0.0,
				0.26237106313112363,
				0.18881092166734972,
				0.35044475265001257,
				1.0
			],
			"intrinsic" : 
			{
				"height" : 1080,
				"intrinsic_matrix" : 
				[
					935.30743608719399,
					0.0,
					0.0,
					0.0,
					935.30743608719399,
					0.0,
					959.5,
					539.5,
					1.0
				],
				"width" : 1920
			},
			"version_major" : 1,
			"version_minor" : 0
		},
		{
			"class_name" : "PinholeCameraParameters",
			"extrinsic" : 
			[
				1.0,
				-0.0,
				-0.0,
				0.0,
				0.0,
				-1.0,
				-0.0,
				0.0,
				0.0,
				-0.0,
				-1.0,
				0.0,
				0.26237106313112363,
				0.18881092166734972,
				0.35044475265001257,
				1.0
			],
			"intrinsic" : 
			{
				"height" : 1080,
				"intrinsic_matrix" : 
				[
					935.30743608719399,
					0.0,
					0.0,
					0.0,
					935.30743608719399,
					0.0,
					959.5,
					539.5,
					1.0
				],
				"width" : 1920
			},
			"version_major" : 1,
			"version_minor" : 0
		},
		{
			"class_name" : "PinholeCameraParameters",
			"extrinsic" : 
			[
				1.0,
				-0.0,
				-0.0,
				0.0,
				0.0,
				-1.0,
				-0.0,
				0.0,
				0.0,
				-0.0,
				-1.0,
				0.0,
				0.26237106313112363,
				0.18881092166734972,
				0.35044475265001257,
				1.0
			],
			"intrinsic" : 
			{
				"height" : 1080,
				"intrinsic_matrix" : 
				[
					935.30743608719399,
					0.0,
					0.0,
					0.0,
					935.30743608719399,
					0.0,
					959.5,
					539.5,
					1.0
				],
				"width" : 1920
			},
			"version_major" : 1,
			"version_minor" : 0
		},
		{
			"class_name" : "PinholeCameraParameters",
			"extrinsic" : 
			[
				1.0,
				-0.0,
				-0.0,
				0.0,
				0.0,
				-1.0,
				-0.0,
				0.0,
				0.0,
				-0.0,
				-1.0,
				0.0,
				0.26237106313112363,
				0.18881092166734972,
				0.35044475265001257,
				1.0
			],
			"intrinsic" : 
			{
				"height" : 1080,
				"intrinsic_matrix" : 
				[
					935.30743608719399,
					0.0,
					0.0,
					0.0,
					935.30743608719399,
					0.0,
					959.5,
					539.5,
					1.0
				],
				"width" : 1920
			},
			"version_major" : 1,
			"version_minor" : 0
		},
		{
			"class_name" : "PinholeCameraParameters",
			"extrinsic" : 
			[
				1.0,
				-0.0,
				-0.0,
				0.0,
				0.0,
				-1.0,
				-0.0,
				0.0,
				0.0,
				-0.0,
				-1.0,
				0.0,
				0.26237106313112363,
				0.18881092166734972,
				0.35044475265001257,
				1.0
			],
			"intrinsic" : 
			{
				"height" : 1080,
				"intrinsic_matrix" : 
				[
					935.30743608719399,
					0.0,
					0.0,
					0.0,
					935.30743608719399,
					0.0,
					959.5,
					539.5,
					1.0
				],
				"width" : 1920
			},
			"version_major" : 1,
			"version_minor" : 0
		},
		{
			"class_name" : "PinholeCameraParameters",
			"extrinsic" : 
			[
				1.0,
				-0.0,
				-0.0,
				0.0,
				0.0,
				-1.0,
				-0.0,
				0.0,
				0.0,
				-0.0,
				-1.0,
				0.0,
				0.26237106313112363,
				0.18881092166734972,
				0.35044475265001257,
				1.0
			],
			"intrinsic" : 
			{
				"height" : 1080,
				"intrinsic_matrix" : 
				[
					935.30743608719399,
					0.0,
					0.0,
					0.0,
					935.30743608719399,
					0.0,
					959.5,
					539.5,
					1.0
				],
				"width" : 1920
			},
			"version_major" : 1,
			"version_minor" : 0
		},
		{
			"class_name" : "PinholeCameraParameters",
			"extrinsic" : 
			[
				1.0,
				-0.0,
				-0.0,
				0.0,
				0.0,
				-1.0,
				-0.0,
				0.0,
				0.0,
				-0.0,
				-1.0,
				0.0,
				0.26237106313112363,
				0.18881092166734972,
				0.35044475265001257,
				1.0
			],
			"intrinsic" : 
			{
				"height" : 1080,
				"intrinsic_matrix" : 
				[
					935.30743608719399,
					0.0,
					0.0,
					0.0,
					935.30743608719399,
					0.0,
					959.5,
					539.5,
					1.0
				],
				"width" : 1920
			},
			"version_major" : 1,
			"version_minor" : 0
		},
		{
			"class_name" : "PinholeCameraParameters",
			"extrinsic" : 
			[
				1.0,
				-0.0,
				-0.0,
				0.0,
				0.0,
				-1.0,
				-0.0,
				0.0,
				0.0,
				-0.0,
				-1.0,
				0.0,
				0.26237106313112363,
				0.18881092166734972,
				0.35044475265001257,
				1.0
			],
			"intrinsic" : 
			{
				"height" : 1080,
				"intrinsic_matrix" : 
				[
					935.30743608719399,
					0.0,
					0.0,
					0.0,
					935.30743608719399,
					0.0,
					959.5,
					539.5,
					1.0
				],
				"width" : 1920
			},
			"version_major" : 1,
			"version_minor" : 0
		},
		{
			"class_name" : "PinholeCameraParameters",
			"extrinsic" : 
			[
				1.0,
				-0.0,
				-0.0,
				0.0,
				0.0,
				-1.0,
				-0.0,
				0.0,
				0.0,
				-0.0,
				-1.0,
				0.0,
				0.26237106313112363,
				0.18881092166734972,
				0.35044475265001257,
				1.0
			],
			"intrinsic" : 
			{
				"height" : 1080,
				"intrinsic_matrix" : 
				[
					935.30743608719399,
					0.0,
					0.0,
					0.0,
					935.30743608719399,
					0.0,
					959.5,
					539.5,
					1.0
				],
				"width" : 1920
			},
			"version_major" : 1,
			"version_minor" : 0
		},
		{
			"class_name" : "PinholeCameraParameters",
			"extrinsic" : 
			[
				1.0,
				-0.0,
				-0.0,
				0.0,
				0.0,
				-1.0,
				-0.0,
				0.0,
				0.0,
				-0.0,
				-1.0,
				0.0,
				0.26237106313112363,
				0.18881092166734972,
				0.35044475265001257,
				1.0
			],
			"intrinsic" : 
			{
				"height" : 1080,
				"intrinsic_matrix" : 
				[
					935.30743608719399,
					0.0,
					0.0,
					0.0,
					935.30743608719399,
					0.0,
					959.5,
					539.5,
					1.0
				],
				"width" : 1920
			},
			"version_major" : 1,
			"version_minor" : 0
		},
		{
			"class_name" : "PinholeCameraParameters",
			"extrinsic" : 
			[
				1.0,
				-0.0,
				-0.0,
				0.0,
				0.0,
				-1.0,
				-0.0,
				0.0,
				0.0,
				-0.0,
				-1.0,
				0.0,
				0.26237106313112363,
				0.18881092166734972,
				0.35044475265001257,
				1.0
			],
			"intrinsic" : 
			{
				"height" : 1080,
				"intrinsic_matrix" : 
				[
					935.30743608719399,
					0.0,
					0.0,
					0.0,
					935.30743608719399,
					0.0,
					959.5,
					539.5,
					1.0
				],
				"width" : 1920
			},
			"version_major" : 1,
			"version_minor" : 0
		},
		{
			"class_name" : "PinholeCameraParameters",
			"extrinsic" : 
			[
				1.0,
				-0.0,
				-0.0,
				0.0,
				0.0,
				-1.0,
				-0.0,
				0.0,
				0.0,
				-0.0,
				-1.0,
				0.0,
				0.26237106313112363,
				0.18881092166734972,
				0.35044475265001257,
				1.0
			],
			"intrinsic" : 
			{
				"height" : 1080,
				"intrinsic_matrix" : 
				[
					935.30743608719399,
					0.0,
					0.0,
					0.0,
					935.30743608719399,
					0.0,
					959.5,
					539.5,
					1.0
				],
				"width" : 1920
			},
			"version_major" : 1,
			"version_minor" : 0
		},
		{
			"class_name" : "PinholeCameraParameters",
			"extrinsic" : 
			[
				1.0,
				-0.0,
				-0.0,
				0.0,
				0.0,
				-1.0,
				-0.0,
				0.0,
				0.0,
				-0.0,
				-1.0,
				0.0,
				0.26237106313112363,
				0.18881092166734972,
				0.35044475265001257,
				1.0
			],
			"intrinsic" : 
			{
				"height" : 1080,
				"intrinsic_matrix" : 
				[
					935.30743608719399,
					0.0,
					0.0,
					0.0,
					935.30743608719399,
					0.0,
					959.5,
					539.5,
					1.0
				],
				"width" : 1920
			},
			"version_major" : 1,
			"version_minor" : 0
		},
		{
			"class_name" : "PinholeCameraParameters",
			"extrinsic" : 
			[
				1.0,
				-0.0,
				-0.0,
				0.0,
				0.0,
				-1.0,
				-0.0,
				0.0,
				0.0,
				-0.0,
				-1.0,
				0.0,
				0.26237106313112363,
				0.18881092166734972,
				0.35044475265001257,
				1.0
			],
			"intrinsic" : 
			{
				"height" : 1080,
				"intrinsic_matrix" : 
				[
					935.30743608719399,
					0.0,
					0.0,
					0.0,
					935.30743608719399,
					0.0,
					959.5,
					539.5,
					1.0
				],
				"width" : 1920
			},
			"version_major" : 1,
			"version_minor" : 0
		},
		{
			"class_name" : "PinholeCameraParameters",
			"extrinsic" : 
			[
				1.0,
				-0.0,
				-0.0,
				0.0,
				0.0,
				-1.0,
				-0.0,
				0.0,
				0.0,
				-0.0,
				-1.0,
				0.0,
				0.26237106313112363,
				0.18881092166734972,
				0.35044475265001257,
				1.0
			],
			"intrinsic" : 
			{
				"height" : 1080,
				"intrinsic_matrix" : 
				[
					935.30743608719399,
					0.0,
					0.0,
					0.0,
					935.30743608719399,
					0.0,
					959.5,
					539.5,
					1.0
				],
				"width" : 1920
			},
			"version_major" : 1,
			"version_minor" : 0
		},
		{
			"class_name" : "PinholeCameraParameters",
			"extrinsic" : 
			[
				0.99980389489224053,
				2.9109086150461719e-05,
				-0.019803305556570661,
				0.0,
				-8.971486828775947e-05,
				-0.99998200005400006,
				-0.0059992932287463415,
				0.0,
				-0.019803123732083459,
				0.005999893387650908,
				-0.99978589586460398,
				0.0,
				0.25489654429721598,
				0.1910693119522193,
				0.34646210902340319,
				1.0
			],
			"intrinsic" : 
			{
				"height" : 1080,
				"intrinsic_matrix" : 
				[
					935.30743608719399,
					0.0,
					0.0,
					0.0,
					935.30743608719399,
					0.0,
					959.5,
					539.5,
					1.0
				],
				"width" : 1920
			},
			"version_major" : 1,
			"version_minor" : 0
		},
		{
			"class_name" : "PinholeCameraParameters",
			"extrinsic" : 
			[
				0.99980389489224053,
				2.9109086150461719e-05,
				-0.019803305556570661,
				0.0,
				-8.9714868287759484e-05,
				-0.99998200005399995,
				-0.0059992932287463415,
				0.0,
				-0.019803123732083462,
				0.0059998933876509071,
				-0.99978589586460398,
				0.0,
				0.25489654429721598,
				0.19106931195221927,
				0.34646210902340319,
				1.0
			],
			"intrinsic" : 
			{
				"height" : 1080,
				"intrinsic_matrix" : 
				[
					935.30743608719399,
					0.0,
					0.0,
					0.0,
					935.30743608719399,
					0.0,
					959.5,
					539.5,
					1.0
				],
				"width" : 1920
			},
			"version_major" : 1,
			"version_minor" : 0
		},
		{
			"class_name" : "PinholeCameraParameters",
			"extrinsic" : 
			[
				0.99980389489224053,
				2.9109086150461719e-05,
				-0.019803305556570661,
				0.0,
				-8.971486828775947e-05,
				-0.99998200005400006,
				-0.0059992932287463415,
				0.0,
				-0.019803123732083459,
				0.005999893387650908,
				-0.99978589586460398,
				0.0,
				0.25489654429721598,
				0.1910693119522193,
				0.34646210902340319,
				1.0
			],
			"intrinsic" : 
			{
				"height" : 1080,
				"intrinsic_matrix" : 
				[
					935.30743608719399,
					0.0,
					0.0,
					0.0,
					935.30743608719399,
					0.0,
					959.5,
					539.5,
					1.0
				],
				"width" : 1920
			},
			"version_major" : 1,
			"version_minor" : 0
		},
		{
			"class_name" : "PinholeCameraParameters",
			"extrinsic" : 
			[
				0.99945167853126826,
				2.9109086150461556e-05,
				-0.033111047003858737,
				0.0,
				-0.0001695701507814229,
				-0.99998200005400006,
				-0.0059975673373491656,
				0.0,
				-0.033110625590504976,
				0.005999893387650908,
				-0.99943368351899287,
				0.0,
				0.24981960077324461,
				0.19106931195221932,
				0.34310254256669037,
				1.0
			],
			"intrinsic" : 
			{
				"height" : 1080,
				"intrinsic_matrix" : 
				[
					935.30743608719399,
					0.0,
					0.0,
					0.0,
					935.30743608719399,
					0.0,
					959.5,
					539.5,
					1.0
				],
				"width" : 1920
			},
			"version_major" : 1,
			"version_minor" : 0
		},
		{
			"class_name" : "PinholeCameraParameters",
			"extrinsic" : 
			[
				0.99619341636620429,
				2.9109086150462342e-05,
				-0.087170386836881372,
				0.0,
				-0.00049401526998812126,
				-0.99998200005400006,
				-0.0059795917013699346,
				0.0,
				-0.087168991835075482,
				0.0059998933876509097,
				-0.99617547055817102,
				0.0,
				0.228716333839765,
				0.1910693119522193,
				0.33013964812333402,
				1.0
			],
			"intrinsic" : 
			{
				"height" : 1080,
				"intrinsic_matrix" : 
				[
					935.30743608719399,
					0.0,
					0.0,
					0.0,
					935.30743608719399,
					0.0,
					959.5,
					539.5,
					1.0
				],
				"width" : 1920
			},
			"version_major" : 1,
			"version_minor" : 0
		},
		{
			"class_name" : "PinholeCameraParameters",
			"extrinsic" : 
			[
				0.98964656249354521,
				-0.00041311033479656499,
				-0.14352529632284655,
				0.0,
				-0.00072882540720263273,
				-0.99999742927770396,
				-0.0021471496243995027,
				0.0,
				-0.14352404034946703,
				0.0022295241274826517,
				-0.98964431947236964,
				0.0,
				0.20587045124840905,
				0.1895396771615368,
				0.31708388794586834,
				1.0
			],
			"intrinsic" : 
			{
				"height" : 1080,
				"intrinsic_matrix" : 
				[
					935.30743608719399,
					0.0,
					0.0,
					0.0,
					935.30743608719399,
					0.0,
					959.5,
					539.5,
					1.0
				],
				"width" : 1920
			},
			"version_major" : 1,
			"version_minor" : 0
		},
		{
			"class_name" : "PinholeCameraParameters",
			"extrinsic" : 
			[
				0.98104781571363264,
				-0.0016679082815850288,
				-0.1937586162354458,
				0.0,
				-0.00071868919449992073,
				-0.99998739535642833,
				0.0049691663393411261,
				0.0,
				-0.19376446209083917,
				-0.0047357375592986467,
				-0.98103664866324813,
				0.0,
				0.18473721944801819,
				0.18659172097753945,
				0.30579437001098619,
				1.0
			],
			"intrinsic" : 
			{
				"height" : 1080,
				"intrinsic_matrix" : 
				[
					935.30743608719399,
					0.0,
					0.0,
					0.0,
					935.30743608719399,
					0.0,
					959.5,
					539.5,
					1.0
				],
				"width" : 1920
			},
			"version_major" : 1,
			"version_minor" : 0
		},
		{
			"class_name" : "PinholeCameraParameters",
			"extrinsic" : 
			[
				0.97771251708735774,
				-0.0023430711712019493,
				-0.20993509460828602,
				0.0,
				-0.00061746215617698719,
				-0.9999654890473525,
				0.008284893166180857,
				0.0,
				-0.2099472616425111,
				-0.0079706167751324841,
				-0.97768022205475502,
				0.0,
				0.17776316584794241,
				0.18519510205990472,
				0.30218508949061701,
				1.0
			],
			"intrinsic" : 
			{
				"height" : 1080,
				"intrinsic_matrix" : 
				[
					935.30743608719399,
					0.0,
					0.0,
					0.0,
					935.30743608719399,
					0.0,
					959.5,
					539.5,
					1.0
				],
				"width" : 1920
			},
			"version_major" : 1,
			"version_minor" : 0
		},
		{
			"class_name" : "PinholeCameraParameters",
			"extrinsic" : 
			[
				0.97561921081489011,
				-0.0023430711712019493,
				-0.21945766221851934,
				0.0,
				-0.00053665637910684254,
				-0.9999654890473525,
				0.0082905195386118579,
				0.0,
				-0.21946951380285554,
				-0.0079706167751324841,
				-0.97558679869059439,
				0.0,
				0.17362118912672195,
				0.18519510205990475,
				0.30047207718982466,
				1.0
			],
			"intrinsic" : 
			{
				"height" : 1080,
				"intrinsic_matrix" : 
				[
					935.30743608719399,
					0.0,
					0.0,
					0.0,
					935.30743608719399,
					0.0,
					959.5,
					539.5,
					1.0
				],
				"width" : 1920
			},
			"version_major" : 1,
			"version_minor" : 0
		},
		{
			"class_name" : "PinholeCameraParameters",
			"extrinsic" : 
			[
				0.96686132299560856,
				-0.0023430711712019493,
				-0.25529138667935553,
				0.0,
				-0.00023051816681739611,
				-0.9999654890473525,
				0.0083046719179091111,
				0.0,
				-0.25530203476775565,
				-0.0079706167751324858,
				-0.96682849581074504,
				0.0,
				0.15780334292725504,
				0.18519510205990472,
				0.29435815473115956,
				1.0
			],
			"intrinsic" : 
			{
				"height" : 1080,
				"intrinsic_matrix" : 
				[
					935.30743608719399,
					0.0,
					0.0,
					0.0,
					935.30743608719399,
					0.0,
					959.5,
					539.5,
					1.0
				],
				"width" : 1920
			},
			"version_major" : 1,
			"version_minor" : 0
		},
		{
			"class_name" : "PinholeCameraParameters",
			"extrinsic" : 
			[
				0.95451717413873938,
				-0.0023430711712019467,
				-0.29814673282074122,
				0.0,
				0.00013998962927426993,
				-0.9999654890473525,
				0.0083066911097642668,
				0.0,
				-0.29815590666143016,
				-0.0079706167751324875,
				-0.95448390483607659,
				0.0,
				0.13839450027832206,
				0.18519510205990475,
				0.28775161618821293,
				1.0
			],
			"intrinsic" : 
			{
				"height" : 1080,
				"intrinsic_matrix" : 
				[
					935.30743608719399,
					0.0,
					0.0,
					0.0,
					935.30743608719399,
					0.0,
					959.5,
					539.5,
					1.0
				],
				"width" : 1920
			},
			"version_major" : 1,
			"version_minor" : 0
		},
		{
			"class_name" : "PinholeCameraParameters",
			"extrinsic" : 
			[
				0.92275884673524688,
				-0.0023430711712019488,
				-0.38537075756902461,
				0.0,
				0.00090963258280883294,
				-0.9999654890473525,
				0.0082579224296207582,
				0.0,
				-0.38537680695703724,
				-0.0079706167751324875,
				-0.92272487011450088,
				0.0,
				0.097147947848422539,
				0.18519510205990472,
				0.27680758872702299,
				1.0
			],
			"intrinsic" : 
			{
				"height" : 1080,
				"intrinsic_matrix" : 
				[
					935.30743608719399,
					0.0,
					0.0,
					0.0,
					935.30743608719399,
					0.0,
					959.5,
					539.5,
					1.0
				],
				"width" : 1920
			},
			"version_major" : 1,
			"version_minor" : 0
		},
		{
			"class_name" : "PinholeCameraParameters",
			"extrinsic" : 
			[
				0.89043783801103582,
				-0.0068230327008530888,
				-0.45505373623671685,
				0.0,
				0.0016836787322947067,
				-0.99983138026889229,
				0.018285957878334608,
				0.0,
				-0.45510177088664333,
				-0.017048673096898143,
				-0.89027620482717407,
				0.0,
				0.062326131384337964,
				0.18058375562320597,
				0.26882230673097379,
				1.0
			],
			"intrinsic" : 
			{
				"height" : 1080,
				"intrinsic_matrix" : 
				[
					935.30743608719399,
					0.0,
					0.0,
					0.0,
					935.30743608719399,
					0.0,
					959.5,
					539.5,
					1.0
				],
				"width" : 1920
			},
			"version_major" : 1,
			"version_minor" : 0
		},
		{
			"class_name" : "PinholeCameraParameters",
			"extrinsic" : 
			[
				0.86030167469211782,
				-0.017970435997351233,
				-0.50946844058489316,
				0.0,
				0.0033258298455485554,
				-0.99915937308260117,
				0.040859344549590865,
				0.0,
				-0.50977442793629435,
				-0.03684576788789759,
				-0.85951871533491064,
				0.0,
				0.033568777913513634,
				0.17009437666234159,
				0.26183890641071284,
				1.0
			],
			"intrinsic" : 
			{
				"height" : 1080,
				"intrinsic_matrix" : 
				[
					935.30743608719399,
					0.0,
					0.0,
					0.0,
					935.30743608719399,
					0.0,
					959.5,
					539.5,
					1.0
				],
				"width" : 1920
			},
			"version_major" : 1,
			"version_minor" : 0
		},
		{
			"class_name" : "PinholeCameraParameters",
			"extrinsic" : 
			[
				0.85058702678593601,
				-0.022242516950223758,
				-0.5253636648105583,
				0.0,
				0.0041370706516650688,
				-0.99879098132770416,
				0.048984285897264883,
				0.0,
				-0.52581802413942103,
				-0.043838864699725762,
				-0.84946663232404518,
				0.0,
				0.024839207808743005,
				0.16627665323816898,
				0.25991093528716708,
				1.0
			],
			"intrinsic" : 
			{
				"height" : 1080,
				"intrinsic_matrix" : 
				[
					935.30743608719399,
					0.0,
					0.0,
					0.0,
					935.30743608719399,
					0.0,
					959.5,
					539.5,
					1.0
				],
				"width" : 1920
			},
			"version_major" : 1,
			"version_minor" : 0
		},
		{
			"class_name" : "PinholeCameraParameters",
			"extrinsic" : 
			[
				0.84984739334139736,
				-0.023019990111974011,
				-0.5265258664928788,
				0.0,
				0.0042059506903958481,
				-0.99871757285589413,
				0.050453143089622572,
				0.0,
				-0.52701206628465558,
				-0.045092013972283275,
				-0.84866070503252433,
				0.0,
				0.024183544140914573,
				0.16558800004145505,
				0.25963145666345311,
				1.0
			],
			"intrinsic" : 
			{
				"height" : 1080,
				"intrinsic_matrix" : 
				[
					935.30743608719399,
					0.0,
					0.0,
					0.0,
					935.30743608719399,
					0.0,
					959.5,
					539.5,
					1.0
				],
				"width" : 1920
			},
			"version_major" : 1,
			"version_minor" : 0
		},
		{
			"class_name" : "PinholeCameraParameters",
			"extrinsic" : 
			[
				0.84910612628260873,
				-0.023019990111974021,
				-0.52772044338322466,
				0.0,
				0.0042768962407661029,
				-0.99871757285589413,
				0.050447178586891184,
				0.0,
				-0.5282049739143776,
				-0.045092013972283275,
				-0.84791875542886497,
				0.0,
				0.023527488104701233,
				0.16558800004145507,
				0.25959790983837716,
				1.0
			],
			"intrinsic" : 
			{
				"height" : 1080,
				"intrinsic_matrix" : 
				[
					935.30743608719399,
					0.0,
					0.0,
					0.0,
					935.30743608719399,
					0.0,
					959.5,
					539.5,
					1.0
				],
				"width" : 1920
			},
			"version_major" : 1,
			"version_minor" : 0
		},
		{
			"class_name" : "PinholeCameraParameters",
			"extrinsic" : 
			[
				0.82427151496501616,
				-0.028076300720272715,
				-0.5654981794445868,
				0.0,
				0.0066840453160689215,
				-0.99821765167776122,
				0.059302979833636006,
				0.0,
				-0.5661552730086421,
				-0.052661572486973042,
				-0.82261471274692699,
				0.0,
				0.0022992348134707047,
				0.16132310740793204,
				0.25752074624140475,
				1.0
			],
			"intrinsic" : 
			{
				"height" : 1080,
				"intrinsic_matrix" : 
				[
					935.30743608719399,
					0.0,
					0.0,
					0.0,
					935.30743608719399,
					0.0,
					959.5,
					539.5,
					1.0
				],
				"width" : 1920
			},
			"version_major" : 1,
			"version_minor" : 0
		},
		{
			"class_name" : "PinholeCameraParameters",
			"extrinsic" : 
			[
				0.81376946987258669,
				-0.030066550135600844,
				-0.58040955580196363,
				0.0,
				0.0077815419900286514,
				-0.99800777751613134,
				0.062609293412157638,
				0.0,
				-0.58113569629437389,
				-0.055466012838995611,
				-0.81191429591564512,
				0.0,
				-0.0062915411957918665,
				0.15970767273141817,
				0.25700429598184404,
				1.0
			],
			"intrinsic" : 
			{
				"height" : 1080,
				"intrinsic_matrix" : 
				[
					935.30743608719399,
					0.0,
					0.0,
					0.0,
					935.30743608719399,
					0.0,
					959.5,
					539.5,
					1.0
				],
				"width" : 1920
			},
			"version_major" : 1,
			"version_minor" : 0
		},
		{
			"class_name" : "PinholeCameraParameters",
			"extrinsic" : 
			[
				0.79787809235684304,
				-0.037066882810067328,
				-0.60167814979085776,
				0.0,
				0.0095801289580373303,
				-0.99720200789305058,
				0.074137551775167843,
				0.0,
				-0.60274270702029453,
				-0.064916882648607302,
				-0.79529053023472784,
				0.0,
				-0.01891829514876632,
				0.15416817143291475,
				0.25549289661542324,
				1.0
			],
			"intrinsic" : 
			{
				"height" : 1080,
				"intrinsic_matrix" : 
				[
					935.30743608719399,
					0.0,
					0.0,
					0.0,
					935.30743608719399,
					0.0,
					959.5,
					539.5,
					1.0
				],
				"width" : 1920
			},
			"version_major" : 1,
			"version_minor" : 0
		},
		{
			"class_name" : "PinholeCameraParameters",
			"extrinsic" : 
			[
				0.79698880750518053,
				-0.038818772922520429,
				-0.60274533891209836,
				0.0,
				0.0096895872035793543,
				-0.99698237595689942,
				0.077021126524869268,
				0.0,
				-0.60391634570633612,
				-0.067225329304700945,
				-0.79420765703220209,
				0.0,
				-0.019613219073146851,
				0.15279977709820078,
				0.25507528060090168,
				1.0
			],
			"intrinsic" : 
			{
				"height" : 1080,
				"intrinsic_matrix" : 
				[
					935.30743608719399,
					0.0,
					0.0,
					0.0,
					935.30743608719399,
					0.0,
					959.5,
					539.5,
					1.0
				],
				"width" : 1920
			},
			"version_major" : 1,
			"version_minor" : 0
		},
		{
			"class_name" : "PinholeCameraParameters",
			"extrinsic" : 
			[
				0.79698880750518042,
				-0.038818772922520429,
				-0.60274533891209836,
				0.0,
				0.0096895872035793508,
				-0.99698237595689954,
				0.077021126524869268,
				0.0,
				-0.60391634570633601,
				-0.067225329304700945,
				-0.79420765703220209,
				0.0,
				-0.019613219073146865,
				0.15279977709820078,
				0.25507528060090168,
				1.0
			],
			"intrinsic" : 
			{
				"height" : 1080,
				"intrinsic_matrix" : 
				[
					935.30743608719399,
					0.0,
					0.0,
					0.0,
					935.30743608719399,
					0.0,
					959.5,
					539.5,
					1.0
				],
				"width" : 1920
			},
			"version_major" : 1,
			"version_minor" : 0
		},
		{
			"class_name" : "PinholeCameraParameters",
			"extrinsic" : 
			[
				0.79698880750518053,
				-0.038818772922520429,
				-0.60274533891209836,
				0.0,
				0.0096895872035793508,
				-0.99698237595689942,
				0.077021126524869268,
				0.0,
				-0.60391634570633612,
				-0.067225329304700945,
				-0.79420765703220209,
				0.0,
				-0.019613219073146851,
				0.15279977709820078,
				0.25507528060090168,
				1.0
			],
			"intrinsic" : 
			{
				"height" : 1080,
				"intrinsic_matrix" : 
				[
					935.30743608719399,
					0.0,
					0.0,
					0.0,
					935.30743608719399,
					0.0,
					959.5,
					539.5,
					1.0
				],
				"width" : 1920
			},
			"version_major" : 1,
			"version_minor" : 0
		},
		{
			"class_name" : "PinholeCameraParameters",
			"extrinsic" : 
			[
				0.79698880750518042,
				-0.038818772922520429,
				-0.60274533891209836,
				0.0,
				0.0096895872035793508,
				-0.99698237595689954,
				0.077021126524869268,
				0.0,
				-0.60391634570633601,
				-0.067225329304700945,
				-0.79420765703220209,
				0.0,
				-0.019613219073146865,
				0.15279977709820078,
				0.25507528060090168,
				1.0
			],
			"intrinsic" : 
			{
				"height" : 1080,
				"intrinsic_matrix" : 
				[
					935.30743608719399,
					0.0,
					0.0,
					0.0,
					935.30743608719399,
					0.0,
					959.5,
					539.5,
					1.0
				],
				"width" : 1920
			},
			"version_major" : 1,
			"version_minor" : 0
		},
		{
			"class_name" : "PinholeCameraParameters",
			"extrinsic" : 
			[
				0.79698880750518053,
				-0.038818772922520429,
				-0.60274533891209836,
				0.0,
				0.0096895872035793508,
				-0.99698237595689942,
				0.077021126524869268,
				0.0,
				-0.60391634570633612,
				-0.067225329304700945,
				-0.79420765703220209,
				0.0,
				-0.019613219073146851,
				0.15279977709820078,
				0.25507528060090168,
				1.0
			],
			"intrinsic" : 
			{
				"height" : 1080,
				"intrinsic_matrix" : 
				[
					935.30743608719399,
					0.0,
					0.0,
					0.0,
					935.30743608719399,
					0.0,
					959.5,
					539.5,
					1.0
				],
				"width" : 1920
			},
			"version_major" : 1,
			"version_minor" : 0
		},
		{
			"class_name" : "PinholeCameraParameters",
			"extrinsic" : 
			[
				0.79698880750518042,
				-0.038818772922520429,
				-0.60274533891209836,
				0.0,
				0.0096895872035793508,
				-0.99698237595689954,
				0.077021126524869268,
				0.0,
				-0.60391634570633601,
				-0.067225329304700945,
				-0.79420765703220209,
				0.0,
				-0.019613219073146865,
				0.15279977709820078,
				0.25507528060090168,
				1.0
			],
			"intrinsic" : 
			{
				"height" : 1080,
				"intrinsic_matrix" : 
				[
					935.30743608719399,
					0.0,
					0.0,
					0.0,
					935.30743608719399,
					0.0,
					959.5,
					539.5,
					1.0
				],
				"width" : 1920
			},
			"version_major" : 1,
			"version_minor" : 0
		},
		{
			"class_name" : "PinholeCameraParameters",
			"extrinsic" : 
			[
				0.79698880750518053,
				-0.038818772922520429,
				-0.60274533891209836,
				0.0,
				0.0096895872035793508,
				-0.99698237595689942,
				0.077021126524869268,
				0.0,
				-0.60391634570633612,
				-0.067225329304700945,
				-0.79420765703220209,
				0.0,
				-0.019613219073146851,
				0.15279977709820078,
				0.25507528060090168,
				1.0
			],
			"intrinsic" : 
			{
				"height" : 1080,
				"intrinsic_matrix" : 
				[
					935.30743608719399,
					0.0,
					0.0,
					0.0,
					935.30743608719399,
					0.0,
					959.5,
					539.5,
					1.0
				],
				"width" : 1920
			},
			"version_major" : 1,
			"version_minor" : 0
		},
		{
			"class_name" : "PinholeCameraParameters",
			"extrinsic" : 
			[
				0.79698880750518042,
				-0.038818772922520429,
				-0.60274533891209836,
				0.0,
				0.0096895872035793508,
				-0.99698237595689954,
				0.077021126524869268,
				0.0,
				-0.60391634570633601,
				-0.067225329304700945,
				-0.79420765703220209,
				0.0,
				-0.019613219073146865,
				0.15279977709820078,
				0.25507528060090168,
				1.0
			],
			"intrinsic" : 
			{
				"height" : 1080,
				"intrinsic_matrix" : 
				[
					935.30743608719399,
					0.0,
					0.0,
					0.0,
					935.30743608719399,
					0.0,
					959.5,
					539.5,
					1.0
				],
				"width" : 1920
			},
			"version_major" : 1,
			"version_minor" : 0
		},
		{
			"class_name" : "PinholeCameraParameters",
			"extrinsic" : 
			[
				0.79698880750518053,
				-0.038818772922520429,
				-0.60274533891209836,
				0.0,
				0.0096895872035793508,
				-0.99698237595689942,
				0.077021126524869268,
				0.0,
				-0.60391634570633612,
				-0.067225329304700945,
				-0.79420765703220209,
				0.0,
				-0.019613219073146851,
				0.15279977709820078,
				0.25507528060090168,
				1.0
			],
			"intrinsic" : 
			{
				"height" : 1080,
				"intrinsic_matrix" : 
				[
					935.30743608719399,
					0.0,
					0.0,
					0.0,
					935.30743608719399,
					0.0,
					959.5,
					539.5,
					1.0
				],
				"width" : 1920
			},
			"version_major" : 1,
			"version_minor" : 0
		},
		{
			"class_name" : "PinholeCameraParameters",
			"extrinsic" : 
			[
				0.79698880750518042,
				-0.038818772922520429,
				-0.60274533891209836,
				0.0,
				0.0096895872035793508,
				-0.99698237595689954,
				0.077021126524869268,
				0.0,
				-0.60391634570633601,
				-0.067225329304700945,
				-0.79420765703220209,
				0.0,
				-0.019613219073146851,
				0.15279977709820078,
				0.26129936640003459,
				1.0
			],
			"intrinsic" : 
			{
				"height" : 1080,
				"intrinsic_matrix" : 
				[
					935.30743608719399,
					0.0,
					0.0,
					0.0,
					935.30743608719399,
					0.0,
					959.5,
					539.5,
					1.0
				],
				"width" : 1920
			},
			"version_major" : 1,
			"version_minor" : 0
		},
		{
			"class_name" : "PinholeCameraParameters",
			"extrinsic" : 
			[
				0.79698880750518042,
				-0.038818772922520429,
				-0.60274533891209836,
				0.0,
				0.0096895872035793508,
				-0.99698237595689954,
				0.077021126524869268,
				0.0,
				-0.60391634570633601,
				-0.067225329304700945,
				-0.79420765703220209,
				0.0,
				-0.019613219073146837,
				0.15279977709820078,
				0.28204631906381117,
				1.0
			],
			"intrinsic" : 
			{
				"height" : 1080,
				"intrinsic_matrix" : 
				[
					935.30743608719399,
					0.0,
					0.0,
					0.0,
					935.30743608719399,
					0.0,
					959.5,
					539.5,
					1.0
				],
				"width" : 1920
			},
			"version_major" : 1,
			"version_minor" : 0
		},
		{
			"class_name" : "PinholeCameraParameters",
			"extrinsic" : 
			[
				0.79698880750518053,
				-0.038818772922520429,
				-0.60274533891209836,
				0.0,
				0.0096895872035793508,
				-0.99698237595689942,
				0.077021126524869268,
				0.0,
				-0.60391634570633612,
				-0.067225329304700945,
				-0.79420765703220209,
				0.0,
				-0.019613219073146809,
				0.15279977709820075,
				0.3027932717275878,
				1.0
			],
			"intrinsic" : 
			{
				"height" : 1080,
				"intrinsic_matrix" : 
				[
					935.30743608719399,
					0.0,
					0.0,
					0.0,
					935.30743608719399,
					0.0,
					959.5,
					539.5,
					1.0
				],
				"width" : 1920
			},
			"version_major" : 1,
			"version_minor" : 0
		},
		{
			"class_name" : "PinholeCameraParameters",
			"extrinsic" : 
			[
				0.79698880750518053,
				-0.038818772922520429,
				-0.60274533891209836,
				0.0,
				0.0096895872035793508,
				-0.99698237595689942,
				0.077021126524869268,
				0.0,
				-0.60391634570633612,
				-0.067225329304700945,
				-0.79420765703220209,
				0.0,
				-0.019613219073146809,
				0.15279977709820075,
				0.32146552912498672,
				1.0
			],
			"intrinsic" : 
			{
				"height" : 1080,
				"intrinsic_matrix" : 
				[
					935.30743608719399,
					0.0,
					0.0,
					0.0,
					935.30743608719399,
					0.0,
					959.5,
					539.5,
					1.0
				],
				"width" : 1920
			},
			"version_major" : 1,
			"version_minor" : 0
		},
		{
			"class_name" : "PinholeCameraParameters",
			"extrinsic" : 
			[
				0.79698880750518053,
				-0.038818772922520429,
				-0.60274533891209836,
				0.0,
				0.0096895872035793508,
				-0.99698237595689942,
				0.077021126524869268,
				0.0,
				-0.60391634570633612,
				-0.067225329304700945,
				-0.79420765703220209,
				0.0,
				-0.019613219073146837,
				0.15279977709820075,
				0.33391370072325272,
				1.0
			],
			"intrinsic" : 
			{
				"height" : 1080,
				"intrinsic_matrix" : 
				[
					935.30743608719399,
					0.0,
					0.0,
					0.0,
					935.30743608719399,
					0.0,
					959.5,
					539.5,
					1.0
				],
				"width" : 1920
			},
			"version_major" : 1,
			"version_minor" : 0
		},
		{
			"class_name" : "PinholeCameraParameters",
			"extrinsic" : 
			[
				0.79698880750518053,
				-0.038818772922520429,
				-0.60274533891209836,
				0.0,
				0.0096895872035793508,
				-0.99698237595689942,
				0.077021126524869268,
				0.0,
				-0.60391634570633612,
				-0.067225329304700945,
				-0.79420765703220209,
				0.0,
				-0.019613219073146809,
				0.15279977709820075,
				0.32146552912498672,
				1.0
			],
			"intrinsic" : 
			{
				"height" : 1080,
				"intrinsic_matrix" : 
				[
					935.30743608719399,
					0.0,
					0.0,
					0.0,
					935.30743608719399,
					0.0,
					959.5,
					539.5,
					1.0
				],
				"width" : 1920
			},
			"version_major" : 1,
			"version_minor" : 0
		},
		{
			"class_name" : "PinholeCameraParameters",
			"extrinsic" : 
			[
				0.79698880750518053,
				-0.038818772922520429,
				-0.60274533891209836,
				0.0,
				0.0096895872035793508,
				-0.99698237595689942,
				0.077021126524869268,
				0.0,
				-0.60391634570633612,
				-0.067225329304700945,
				-0.79420765703220209,
				0.0,
				-0.019613219073146837,
				0.15279977709820075,
				0.30071857646121009,
				1.0
			],
			"intrinsic" : 
			{
				"height" : 1080,
				"intrinsic_matrix" : 
				[
					935.30743608719399,
					0.0,
					0.0,
					0.0,
					935.30743608719399,
					0.0,
					959.5,
					539.5,
					1.0
				],
				"width" : 1920
			},
			"version_major" : 1,
			"version_minor" : 0
		},
		{
			"class_name" : "PinholeCameraParameters",
			"extrinsic" : 
			[
				0.79698880750518053,
				-0.038818772922520429,
				-0.60274533891209836,
				0.0,
				0.0096895872035793508,
				-0.99698237595689942,
				0.077021126524869268,
				0.0,
				-0.60391634570633612,
				-0.067225329304700945,
				-0.79420765703220209,
				0.0,
				-0.019613219073146893,
				0.15279977709820078,
				0.27997162379743357,
				1.0
			],
			"intrinsic" : 
			{
				"height" : 1080,
				"intrinsic_matrix" : 
				[
					935.30743608719399,
					0.0,
					0.0,
					0.0,
					935.30743608719399,
					0.0,
					959.5,
					539.5,
					1.0
				],
				"width" : 1920
			},
			"version_major" : 1,
			"version_minor" : 0
		},
		{
			"class_name" : "PinholeCameraParameters",
			"extrinsic" : 
			[
				0.79698880750518053,
				-0.038818772922520429,
				-0.60274533891209836,
				0.0,
				0.0096895872035793508,
				-0.99698237595689942,
				0.077021126524869268,
				0.0,
				-0.60391634570633612,
				-0.067225329304700945,
				-0.79420765703220209,
				0.0,
				-0.019613219073146865,
				0.15279977709820075,
				0.25714997586727928,
				1.0
			],
			"intrinsic" : 
			{
				"height" : 1080,
				"intrinsic_matrix" : 
				[
					935.30743608719399,
					0.0,
					0.0,
					0.0,
					935.30743608719399,
					0.0,
					959.5,
					539.5,
					1.0
				],
				"width" : 1920
			},
			"version_major" : 1,
			"version_minor" : 0
		},
		{
			"class_name" : "PinholeCameraParameters",
			"extrinsic" : 
			[
				0.79698880750518053,
				-0.038818772922520429,
				-0.60274533891209836,
				0.0,
				0.0096895872035793508,
				-0.99698237595689942,
				0.077021126524869268,
				0.0,
				-0.60391634570633612,
				-0.067225329304700945,
				-0.79420765703220209,
				0.0,
				-0.019613219073146865,
				0.15279977709820078,
				0.2426271090026357,
				1.0
			],
			"intrinsic" : 
			{
				"height" : 1080,
				"intrinsic_matrix" : 
				[
					935.30743608719399,
					0.0,
					0.0,
					0.0,
					935.30743608719399,
					0.0,
					959.5,
					539.5,
					1.0
				],
				"width" : 1920
			},
			"version_major" : 1,
			"version_minor" : 0
		},
		{
			"class_name" : "PinholeCameraParameters",
			"extrinsic" : 
			[
				0.79698880750518042,
				-0.038818772922520429,
				-0.60274533891209836,
				0.0,
				0.0096895872035793508,
				-0.99698237595689954,
				0.077021126524869268,
				0.0,
				-0.60391634570633601,
				-0.067225329304700945,
				-0.79420765703220209,
				0.0,
				-0.019613219073146837,
				0.15279977709820075,
				0.22188015633885916,
				1.0
			],
			"intrinsic" : 
			{
				"height" : 1080,
				"intrinsic_matrix" : 
				[
					935.30743608719399,
					0.0,
					0.0,
					0.0,
					935.30743608719399,
					0.0,
					959.5,
					539.5,
					1.0
				],
				"width" : 1920
			},
			"version_major" : 1,
			"version_minor" : 0
		},
		{
			"class_name" : "PinholeCameraParameters",
			"extrinsic" : 
			[
				0.79698880750518042,
				-0.038818772922520429,
				-0.60274533891209836,
				0.0,
				0.0096895872035793508,
				-0.99698237595689954,
				0.077021126524869268,
				0.0,
				-0.60391634570633601,
				-0.067225329304700945,
				-0.79420765703220209,
				0.0,
				-0.019613219073146879,
				0.15279977709820075,
				0.20320789894146013,
				1.0
			],
			"intrinsic" : 
			{
				"height" : 1080,
				"intrinsic_matrix" : 
				[
					935.30743608719399,
					0.0,
					0.0,
					0.0,
					935.30743608719399,
					0.0,
					959.5,
					539.5,
					1.0
				],
				"width" : 1920
			},
			"version_major" : 1,
			"version_minor" : 0
		},
		{
			"class_name" : "PinholeCameraParameters",
			"extrinsic" : 
			[
				0.79698880750518053,
				-0.038818772922520429,
				-0.60274533891209836,
				0.0,
				0.0096895872035793508,
				-0.99698237595689942,
				0.077021126524869268,
				0.0,
				-0.60391634570633612,
				-0.067225329304700945,
				-0.79420765703220209,
				0.0,
				-0.019613219073146851,
				0.15279977709820075,
				0.18038625101130584,
				1.0
			],
			"intrinsic" : 
			{
				"height" : 1080,
				"intrinsic_matrix" : 
				[
					935.30743608719399,
					0.0,
					0.0,
					0.0,
					935.30743608719399,
					0.0,
					959.5,
					539.5,
					1.0
				],
				"width" : 1920
			},
			"version_major" : 1,
			"version_minor" : 0
		},
		{
			"class_name" : "PinholeCameraParameters",
			"extrinsic" : 
			[
				0.79698880750518042,
				-0.038818772922520429,
				-0.60274533891209836,
				0.0,
				0.0096895872035793508,
				-0.99698237595689954,
				0.077021126524869268,
				0.0,
				-0.60391634570633601,
				-0.067225329304700945,
				-0.79420765703220209,
				0.0,
				-0.019613219073146893,
				0.15279977709820075,
				0.16793807941303984,
				1.0
			],
			"intrinsic" : 
			{
				"height" : 1080,
				"intrinsic_matrix" : 
				[
					935.30743608719399,
					0.0,
					0.0,
					0.0,
					935.30743608719399,
					0.0,
					959.5,
					539.5,
					1.0
				],
				"width" : 1920
			},
			"version_major" : 1,
			"version_minor" : 0
		},
		{
			"class_name" : "PinholeCameraParameters",
			"extrinsic" : 
			[
				0.79698880750518042,
				-0.038818772922520429,
				-0.60274533891209836,
				0.0,
				0.0096895872035793508,
				-0.99698237595689954,
				0.077021126524869268,
				0.0,
				-0.60391634570633601,
				-0.067225329304700945,
				-0.79420765703220209,
				0.0,
				-0.019613219073146851,
				0.15279977709820081,
				0.1409670409501303,
				1.0
			],
			"intrinsic" : 
			{
				"height" : 1080,
				"intrinsic_matrix" : 
				[
					935.30743608719399,
					0.0,
					0.0,
					0.0,
					935.30743608719399,
					0.0,
					959.5,
					539.5,
					1.0
				],
				"width" : 1920
			},
			"version_major" : 1,
			"version_minor" : 0
		},
		{
			"class_name" : "PinholeCameraParameters",
			"extrinsic" : 
			[
				0.79698880750518042,
				-0.038818772922520429,
				-0.60274533891209836,
				0.0,
				0.0096895872035793508,
				-0.99698237595689954,
				0.077021126524869268,
				0.0,
				-0.60391634570633601,
				-0.067225329304700945,
				-0.79420765703220209,
				0.0,
