{
	"class_name" : "PinholeCameraTrajectory",
	"parameters" : 
	[
		{
			"class_name" : "PinholeCameraParameters",
			"extrinsic" : 
			[
				1.0,
				-0.0,
				-0.0,
				0.0,
				0.0,
				-1.0,
				-0.0,
				0.0,
				0.0,
				-0.0,
				-1.0,
				0.0,
				0.15792867267932445,
				0.12194152994724117,
				0.18130240896827898,
				1.0
			],
			"intrinsic" : 
			{
				"height" : 1080,
				"intrinsic_matrix" : 
				[
					935.30743608719399,
					0.0,
					0.0,
					0.0,
					935.30743608719399,
					0.0,
					959.5,
					539.5,
					1.0
				],
				"width" : 1920
			},
			"version_major" : 1,
			"version_minor" : 0
		},
		{
			"class_name" : "PinholeCameraParameters",
			"extrinsic" : 
			[
				1.0,
				-0.0,
				-0.0,
				0.0,
				0.0,
				-1.0,
				-0.0,
				0.0,
				0.0,
				-0.0,
				-1.0,
				0.0,
				0.15792867267932445,
				0.12194152994724117,
				0.18130240896827898,
				1.0
			],
			"intrinsic" : 
			{
				"height" : 1080,
				"intrinsic_matrix" : 
				[
					935.30743608719399,
					0.0,
					0.0,
					0.0,
					935.30743608719399,
					0.0,
					959.5,
					539.5,
					1.0
				],
				"width" : 1920
			},
			"version_major" : 1,
			"version_minor" : 0
		},
		{
			"class_name" : "PinholeCameraParameters",
			"extrinsic" : 
			[
				1.0,
				-0.0,
				-0.0,
				0.0,
				0.0,
				-1.0,
				-0.0,
				0.0,
				0.0,
				-0.0,
				-1.0,
				0.0,
				0.15792867267932445,
				0.12194152994724117,
				0.18130240896827898,
				1.0
			],
			"intrinsic" : 
			{
				"height" : 1080,
				"intrinsic_matrix" : 
				[
					935.30743608719399,
					0.0,
					0.0,
					0.0,
					935.30743608719399,
					0.0,
					959.5,
					539.5,
					1.0
				],
				"width" : 1920
			},
			"version_major" : 1,
			"version_minor" : 0
		},
		{
			"class_name" : "PinholeCameraParameters",
			"extrinsic" : 
			[
				1.0,
				-0.0,
				-0.0,
				0.0,
				0.0,
				-1.0,
				-0.0,
				0.0,
				0.0,
				-0.0,
				-1.0,
				0.0,
				0.15792867267932445,
				0.12194152994724117,
				0.18130240896827898,
				1.0
			],
			"intrinsic" : 
			{
				"height" : 1080,
				"intrinsic_matrix" : 
				[
					935.30743608719399,
					0.0,
					0.0,
					0.0,
					935.30743608719399,
					0.0,
					959.5,
					539.5,
					1.0
				],
				"width" : 1920
			},
			"version_major" : 1,
			"version_minor" : 0
		},
		{
			"class_name" : "PinholeCameraParameters",
			"extrinsic" : 
			[
				1.0,
				-0.0,
				-0.0,
				0.0,
				0.0,
				-1.0,
				-0.0,
				0.0,
				0.0,
				-0.0,
				-1.0,
				0.0,
				0.15792867267932445,
				0.12194152994724117,
				0.18130240896827898,
				1.0
			],
			"intrinsic" : 
			{
				"height" : 1080,
				"intrinsic_matrix" : 
				[
					935.30743608719399,
					0.0,
					0.0,
					0.0,
					935.30743608719399,
					0.0,
					959.5,
					539.5,
					1.0
				],
				"width" : 1920
			},
			"version_major" : 1,
			"version_minor" : 0
		},
		{
			"class_name" : "PinholeCameraParameters",
			"extrinsic" : 
			[
				1.0,
				-0.0,
				-0.0,
				0.0,
				0.0,
				-1.0,
				-0.0,
				0.0,
				0.0,
				-0.0,
				-1.0,
				0.0,
				0.15792867267932445,
				0.12194152994724117,
				0.18130240896827898,
				1.0
			],
			"intrinsic" : 
			{
				"height" : 1080,
				"intrinsic_matrix" : 
				[
					935.30743608719399,
					0.0,
					0.0,
					0.0,
					935.30743608719399,
					0.0,
					959.5,
					539.5,
					1.0
				],
				"width" : 1920
			},
			"version_major" : 1,
			"version_minor" : 0
		},
		{
			"class_name" : "PinholeCameraParameters",
			"extrinsic" : 
			[
				1.0,
				-0.0,
				-0.0,
				0.0,
				0.0,
				-1.0,
				-0.0,
				0.0,
				0.0,
				-0.0,
				-1.0,
				0.0,
				0.15792867267932445,
				0.12194152994724117,
				0.18130240896827898,
				1.0
			],
			"intrinsic" : 
			{
				"height" : 1080,
				"intrinsic_matrix" : 
				[
					935.30743608719399,
					0.0,
					0.0,
					0.0,
					935.30743608719399,
					0.0,
					959.5,
					539.5,
					1.0
				],
				"width" : 1920
			},
			"version_major" : 1,
			"version_minor" : 0
		},
		{
			"class_name" : "PinholeCameraParameters",
			"extrinsic" : 
			[
				1.0,
				-0.0,
				-0.0,
				0.0,
				0.0,
				-1.0,
				-0.0,
				0.0,
				0.0,
				-0.0,
				-1.0,
				0.0,
				0.15792867267932445,
				0.12194152994724117,
				0.18130240896827898,
				1.0
			],
			"intrinsic" : 
			{
				"height" : 1080,
				"intrinsic_matrix" : 
				[
					935.30743608719399,
					0.0,
					0.0,
					0.0,
					935.30743608719399,
					0.0,
					959.5,
					539.5,
					1.0
				],
				"width" : 1920
			},
			"version_major" : 1,
			"version_minor" : 0
		},
		{
			"class_name" : "PinholeCameraParameters",
			"extrinsic" : 
			[
				1.0,
				-0.0,
				-0.0,
				0.0,
				0.0,
				-1.0,
				-0.0,
				0.0,
				0.0,
				-0.0,
				-1.0,
				0.0,
				0.15792867267932445,
				0.12194152994724117,
				0.18130240896827898,
				1.0
			],
			"intrinsic" : 
			{
				"height" : 1080,
				"intrinsic_matrix" : 
				[
					935.30743608719399,
					0.0,
					0.0,
					0.0,
					935.30743608719399,
					0.0,
					959.5,
					539.5,
					1.0
				],
				"width" : 1920
			},
			"version_major" : 1,
			"version_minor" : 0
		},
		{
			"class_name" : "PinholeCameraParameters",
			"extrinsic" : 
			[
				1.0,
				-0.0,
				-0.0,
				0.0,
				0.0,
				-1.0,
				-0.0,
				0.0,
				0.0,
				-0.0,
				-1.0,
				0.0,
				0.15792867267932445,
				0.12194152994724117,
				0.18130240896827898,
				1.0
			],
			"intrinsic" : 
			{
				"height" : 1080,
				"intrinsic_matrix" : 
				[
					935.30743608719399,
					0.0,
					0.0,
					0.0,
					935.30743608719399,
					0.0,
					959.5,
					539.5,
					1.0
				],
				"width" : 1920
			},
			"version_major" : 1,
			"version_minor" : 0
		},
		{
			"class_name" : "PinholeCameraParameters",
			"extrinsic" : 
			[
				1.0,
				-0.0,
				-0.0,
				0.0,
				0.0,
				-1.0,
				-0.0,
				0.0,
				0.0,
				-0.0,
				-1.0,
				0.0,
				0.15792867267932445,
				0.12194152994724117,
				0.18130240896827898,
				1.0
			],
			"intrinsic" : 
			{
				"height" : 1080,
				"intrinsic_matrix" : 
				[
					935.30743608719399,
					0.0,
					0.0,
					0.0,
					935.30743608719399,
					0.0,
					959.5,
					539.5,
					1.0
				],
				"width" : 1920
			},
			"version_major" : 1,
			"version_minor" : 0
		},
		{
			"class_name" : "PinholeCameraParameters",
			"extrinsic" : 
			[
				1.0,
				-0.0,
				-0.0,
				0.0,
				0.0,
				-0.99808490329578825,
				0.06185891862162711,
				0.0,
				-0.0,
				-0.06185891862162711,
				-0.99808490329578825,
				0.0,
				0.15792867267932445,
				0.103892485139152,
				0.17431079017461232,
				1.0
			],
			"intrinsic" : 
			{
				"height" : 1080,
				"intrinsic_matrix" : 
				[
					935.30743608719399,
					0.0,
					0.0,
					0.0,
					935.30743608719399,
					0.0,
					959.5,
					539.5,
					1.0
				],
				"width" : 1920
			},
			"version_major" : 1,
			"version_minor" : 0
		},
		{
			"class_name" : "PinholeCameraParameters",
			"extrinsic" : 
			[
				0.99987449967181918,
				0.00029713894907552408,
				0.015839716363439126,
				0.0,
				-0.0016795080284746626,
				-0.99220174532379446,
				0.12463095855042816,
				0.0,
				0.015753226933284112,
				-0.12464192025502975,
				-0.99207672463188423,
				0.0,
				0.16265062100303529,
				0.08514035753423492,
				0.17088818664552413,
				1.0
			],
			"intrinsic" : 
			{
				"height" : 1080,
				"intrinsic_matrix" : 
				[
					935.30743608719399,
					0.0,
					0.0,
					0.0,
					935.30743608719399,
					0.0,
					959.5,
					539.5,
					1.0
				],
				"width" : 1920
			},
			"version_major" : 1,
			"version_minor" : 0
		},
		{
			"class_name" : "PinholeCameraParameters",
			"extrinsic" : 
			[
				0.99924538540508789,
				0.0014857527178006138,
				0.038813042724051734,
				0.0,
				-0.0049171208259803454,
				-0.98638975417588692,
				0.16435046327776573,
				0.0,
				0.038528971818882318,
				-0.16441729044019388,
				-0.98563810444548294,
				0.0,
				0.16950553371813651,
				0.07316394987295452,
				0.17152721426368481,
				1.0
			],
			"intrinsic" : 
			{
				"height" : 1080,
				"intrinsic_matrix" : 
				[
					935.30743608719399,
					0.0,
					0.0,
					0.0,
					935.30743608719399,
					0.0,
					959.5,
					539.5,
					1.0
				],
				"width" : 1920
			},
			"version_major" : 1,
			"version_minor" : 0
		},
		{
			"class_name" : "PinholeCameraParameters",
			"extrinsic" : 
			[
				0.99826203100047262,
				0.0031613966025852212,
				0.058846605971226866,
				0.0,
				-0.0084914283345233245,
				-0.98042337001618074,
				0.19671784660003519,
				0.0,
				0.058316490872233777,
				-0.19687564881832512,
				-0.97869257981999247,
				0.0,
				0.17548494271368373,
				0.063352948031520806,
				0.17274448760616487,
				1.0
			],
			"intrinsic" : 
			{
				"height" : 1080,
				"intrinsic_matrix" : 
				[
					935.30743608719399,
					0.0,
					0.0,
					0.0,
					935.30743608719399,
					0.0,
					959.5,
					539.5,
					1.0
				],
				"width" : 1920
			},
			"version_major" : 1,
			"version_minor" : 0
		},
		{
			"class_name" : "PinholeCameraParameters",
			"extrinsic" : 
			[
				0.99719976760161355,
				0.0058711373053166351,
				0.074553023024088658,
				0.0,
				-0.011770398974679786,
				-0.97216614343368446,
				0.23399668217573941,
				0.0,
				0.073851751524693254,
				-0.23421895591095798,
				-0.96937474667370815,
				0.0,
				0.18019121540217536,
				0.052019034105385914,
				0.17336270096099482,
				1.0
			],
			"intrinsic" : 
			{
				"height" : 1080,
				"intrinsic_matrix" : 
				[
					935.30743608719399,
					0.0,
					0.0,
					0.0,
					935.30743608719399,
					0.0,
					959.5,
					539.5,
					1.0
				],
				"width" : 1920
			},
			"version_major" : 1,
			"version_minor" : 0
		},
		{
			"class_name" : "PinholeCameraParameters",
			"extrinsic" : 
			[
				0.99702981954915193,
				0.0082856853917834122,
				0.076569487051789523,
				0.0,
				-0.012343441525996153,
				-0.96415312466101755,
				0.26505922292516193,
				0.0,
				0.076020907526022669,
				-0.26521708018901186,
				-0.96118714202538902,
				0.0,
				0.18085897548013455,
				0.042495707545078296,
				0.17225139422452096,
				1.0
			],
			"intrinsic" : 
			{
				"height" : 1080,
				"intrinsic_matrix" : 
				[
					935.30743608719399,
					0.0,
					0.0,
					0.0,
					935.30743608719399,
					0.0,
					959.5,
					539.5,
					1.0
				],
				"width" : 1920
			},
			"version_major" : 1,
			"version_minor" : 0
		},
		{
			"class_name" : "PinholeCameraParameters",
			"extrinsic" : 
			[
				0.99702981954915182,
				0.012502541939438569,
				0.075994903610955095,
				0.0,
				-0.012343441525996158,
				-0.94803989021562673,
				0.31791194694637803,
				0.0,
				0.076020907526022669,
				-0.31790572974546238,
				-0.94506971627172831,
				0.0,
				0.18085897548013452,
				0.026022341853104831,
				0.17035756576309447,
				1.0
			],
			"intrinsic" : 
			{
				"height" : 1080,
				"intrinsic_matrix" : 
				[
					935.30743608719399,
					0.0,
					0.0,
					0.0,
					935.30743608719399,
					0.0,
					959.5,
					539.5,
					1.0
				],
				"width" : 1920
			},
			"version_major" : 1,
			"version_minor" : 0
		},
		{
			"class_name" : "PinholeCameraParameters",
			"extrinsic" : 
			[
				0.99702981954915182,
				0.015581616396731378,
				0.075423816929739679,
				0.0,
				-0.012343441525996143,
				-0.93433214615987514,
				0.35618966872100055,
				0.0,
				0.076020907526022655,
				-0.35606271060411099,
				-0.93136468031387853,
				0.0,
				0.18085897548013452,
				0.013847771906294125,
				0.16954681364177454,
				1.0
			],
			"intrinsic" : 
			{
				"height" : 1080,
				"intrinsic_matrix" : 
				[
					935.30743608719399,
					0.0,
					0.0,
					0.0,
					935.30743608719399,
					0.0,
					959.5,
					539.5,
					1.0
				],
				"width" : 1920
			},
			"version_major" : 1,
			"version_minor" : 0
		},
		{
			"class_name" : "PinholeCameraParameters",
			"extrinsic" : 
			[
				0.99741495855209794,
				0.016462644072497097,
				0.069945563166359664,
				0.0,
				-0.010434061550598537,
				-0.92990409887697389,
				0.36765404560722798,
				0.0,
				0.071095223581301548,
				-0.36743346097211349,
				-0.9273284859972647,
				0.0,
				0.17926835862081242,
				0.010172145556283478,
				0.16844609015597042,
				1.0
			],
			"intrinsic" : 
			{
				"height" : 1080,
				"intrinsic_matrix" : 
				[
					935.30743608719399,
					0.0,
					0.0,
					0.0,
					935.30743608719399,
					0.0,
					959.5,
					539.5,
					1.0
				],
				"width" : 1920
			},
			"version_major" : 1,
			"version_minor" : 0
		},
		{
			"class_name" : "PinholeCameraParameters",
			"extrinsic" : 
			[
				0.99884574868447329,
				0.018270649134474161,
				0.044422446073568683,
				0.0,
				-0.00095824985803275031,
				-0.91706780624341944,
				0.39873013493977594,
				0.0,
				0.048023453563480409,
				-0.39831246795962499,
				-0.91599177167469636,
				0.0,
				0.17169410205492705,
				-8.228711234556374e-07,
				0.16389079283231139,
				1.0
			],
			"intrinsic" : 
			{
				"height" : 1080,
				"intrinsic_matrix" : 
				[
					935.30743608719399,
					0.0,
					0.0,
					0.0,
					935.30743608719399,
					0.0,
					959.5,
					539.5,
					1.0
				],
				"width" : 1920
			},
			"version_major" : 1,
			"version_minor" : 0
		},
		{
			"class_name" : "PinholeCameraParameters",
			"extrinsic" : 
			[
				0.99949543245767714,
				0.018823204575660675,
				0.02558451613268968,
				0.0,
				0.0065411585585167364,
				-0.9101995886265174,
				0.41411824652969731,
				0.0,
				0.031082048532125012,
				-0.41374194352714788,
				-0.9098634570227695,
				0.0,
				0.16600305166474916,
				-0.0051948049736673246,
				0.1608042628162106,
				1.0
			],
			"intrinsic" : 
			{
				"height" : 1080,
				"intrinsic_matrix" : 
				[
					935.30743608719399,
					0.0,
					0.0,
					0.0,
					935.30743608719399,
					0.0,
					959.5,
					539.5,
					1.0
				],
				"width" : 1920
			},
			"version_major" : 1,
			"version_minor" : 0
		},
		{
			"class_name" : "PinholeCameraParameters",
			"extrinsic" : 
			[
				0.99977056528814534,
				0.018927813229474705,
				0.010027695137591807,
				0.0,
				0.012953521098478953,
				-0.90709851176698841,
				0.42071902291347169,
				0.0,
				0.017059398423555871,
				-0.42049260140514383,
				-0.9071355737093334,
				0.0,
				0.16122601330523992,
				-0.0075006397725402296,
				0.1583281228055648,
				1.0
			],
			"intrinsic" : 
			{
				"height" : 1080,
				"intrinsic_matrix" : 
				[
					935.30743608719399,
					0.0,
					0.0,
					0.0,
					935.30743608719399,
					0.0,
					959.5,
					539.5,
					1.0
				],
				"width" : 1920
			},
			"version_major" : 1,
			"version_minor" : 0
		},
		{
			"class_name" : "PinholeCameraParameters",
			"extrinsic" : 
			[
				0.99916571944470789,
				0.018601415864230024,
				-0.03635728832552685,
				0.0,
				0.032646692037628114,
				-0.89867134258674075,
				0.43740600305933758,
				0.0,
				-0.024536882147897038,
				-0.43822802893150387,
				-0.89852887325520558,
				0.0,
				0.1467492481452588,
				-0.013687654286340688,
				0.15144651814904694,
				1.0
			],
			"intrinsic" : 
			{
				"height" : 1080,
				"intrinsic_matrix" : 
				[
					935.30743608719399,
					0.0,
					0.0,
					0.0,
					935.30743608719399,
					0.0,
					959.5,
					539.5,
					1.0
				],
				"width" : 1920
			},
			"version_major" : 1,
			"version_minor" : 0
		},
		{
			"class_name" : "PinholeCameraParameters",
			"extrinsic" : 
			[
				0.99720909061208862,
				0.018016511520889084,
				-0.072452984156824468,
				0.0,
				0.048473111462804461,
				-0.89433083930635193,
				0.44477264678789641,
				0.0,
				-0.056783686616192187,
				-0.44704334820933644,
				-0.89270815934215597,
				0.0,
				0.13522318653594184,
				-0.016848147881969124,
				0.14652405239499702,
				1.0
			],
			"intrinsic" : 
			{
				"height" : 1080,
				"intrinsic_matrix" : 
				[
					935.30743608719399,
					0.0,
					0.0,
					0.0,
					935.30743608719399,
					0.0,
					959.5,
					539.5,
					1.0
				],
				"width" : 1920
			},
			"version_major" : 1,
			"version_minor" : 0
		},
		{
			"class_name" : "PinholeCameraParameters",
			"extrinsic" : 
			[
				0.99443705893340906,
				0.0169436344862883,
				-0.10396080545218266,
				0.0,
				0.062563994499241188,
				-0.88902627402892076,
				0.45356149602733392,
				0.0,
				-0.084738907310458203,
				-0.45754256341530608,
				-0.88514073471464427,
				0.0,
				0.1250159696852694,
				-0.020688231565079158,
				0.14265577448124231,
				1.0
			],
			"intrinsic" : 
			{
				"height" : 1080,
				"intrinsic_matrix" : 
				[
					935.30743608719399,
					0.0,
					0.0,
					0.0,
					935.30743608719399,
					0.0,
					959.5,
					539.5,
					1.0
				],
				"width" : 1920
			},
			"version_major" : 1,
			"version_minor" : 0
		},
		{
			"class_name" : "PinholeCameraParameters",
			"extrinsic" : 
			[
				0.99270362921680588,
				0.016360462852960892,
				-0.11946480567522633,
				0.0,
				0.069635119704956547,
				-0.88662433508752092,
				0.45721793330346078,
				0.0,
				-0.098440106884638612,
				-0.46220084777707665,
				-0.88129445798251371,
				0.0,
				0.11993396969616608,
				-0.022414824118995737,
				0.14086911355236051,
				1.0
			],
			"intrinsic" : 
			{
				"height" : 1080,
				"intrinsic_matrix" : 
				[
					935.30743608719399,
					0.0,
					0.0,
					0.0,
					935.30743608719399,
					0.0,
					959.5,
					539.5,
					1.0
				],
				"width" : 1920
			},
			"version_major" : 1,
			"version_minor" : 0
		},
		{
			"class_name" : "PinholeCameraParameters",
			"extrinsic" : 
			[
				0.98922510430638355,
				0.015073666719959571,
				-0.14562444019339685,
				0.0,
				0.081662963298390387,
				-0.88237833814056477,
				0.46340007423998214,
				0.0,
				-0.12151071325340156,
				-0.47029911009049424,
				-0.87410176387691774,
				0.0,
				0.1112735279810242,
				-0.025468128203382352,
				0.13805541039883548,
				1.0
			],
			"intrinsic" : 
			{
				"height" : 1080,
				"intrinsic_matrix" : 
				[
					935.30743608719399,
					0.0,
					0.0,
					0.0,
					935.30743608719399,
					0.0,
					959.5,
					539.5,
					1.0
				],
				"width" : 1920
			},
			"version_major" : 1,
			"version_minor" : 0
		},
		{
			"class_name" : "PinholeCameraParameters",
			"extrinsic" : 
			[
				0.98494771323371255,
				0.013252737706929833,
				-0.17234374702597052,
				0.0,
				0.094197594229178228,
				-0.87714800684152616,
				0.470890844395358,
				0.0,
				-0.14493038134606384,
				-0.48003722672018828,
				-0.86519329951501311,
				0.0,
				0.10232459336722671,
				-0.029198100346118361,
				0.13548788858560601,
				1.0
			],
			"intrinsic" : 
			{
				"height" : 1080,
				"intrinsic_matrix" : 
				[
					935.30743608719399,
					0.0,
					0.0,
					0.0,
					935.30743608719399,
					0.0,
					959.5,
					539.5,
					1.0
				],
				"width" : 1920
			},
			"version_major" : 1,
			"version_minor" : 0
		},
		{
			"class_name" : "PinholeCameraParameters",
			"extrinsic" : 
			[
				0.98041227627378125,
				0.01216538964750026,
				-0.19658019184645067,
				0.0,
				0.10581081870345531,
				-0.87435839308702157,
				0.47360476252206979,
				0.0,
				-0.16611995418060824,
				-0.48512823431852126,
				-0.85851893228398091,
				0.0,
				0.09408953633505171,
				-0.031176215790043496,
				0.13325155325719559,
				1.0
			],
			"intrinsic" : 
			{
				"height" : 1080,
				"intrinsic_matrix" : 
				[
					935.30743608719399,
					0.0,
					0.0,
					0.0,
					935.30743608719399,
					0.0,
					959.5,
					539.5,
					1.0
				],
				"width" : 1920
			},
			"version_major" : 1,
			"version_minor" : 0
		},
		{
			"class_name" : "PinholeCameraParameters",
			"extrinsic" : 
			[
				0.97628127256863961,
				0.011756839968196736,
				-0.21618661740662837,
				0.0,
				0.11528372869878183,
				-0.87342667180651479,
				0.47311257737910578,
				0.0,
				-0.18326084887139257,
				-0.48681374846131548,
				-0.85406547499590435,
				0.0,
				0.087345373020937811,
				-0.031839785079864347,
				0.13149776054234869,
				1.0
			],
			"intrinsic" : 
			{
				"height" : 1080,
				"intrinsic_matrix" : 
				[
					935.30743608719399,
					0.0,
					0.0,
					0.0,
					935.30743608719399,
					0.0,
					959.5,
					539.5,
					1.0
				],
				"width" : 1920
			},
			"version_major" : 1,
			"version_minor" : 0
		},
		{
			"class_name" : "PinholeCameraParameters",
			"extrinsic" : 
			[
				0.97284214468273211,
				0.011756839968196835,
				-0.23117079885457939,
				0.0,
				0.12254392226304685,
				-0.8734266718065149,
				0.47128424129540225,
				0.0,
				-0.19636992805796552,
				-0.48681374846131542,
				-0.85114700590647241,
				0.0,
				0.082141471172266126,
				-0.031839785079864312,
				0.13019480476030126,
				1.0
			],
			"intrinsic" : 
			{
				"height" : 1080,
				"intrinsic_matrix" : 
				[
					935.30743608719399,
					0.0,
					0.0,
					0.0,
					935.30743608719399,
					0.0,
					959.5,
					539.5,
					1.0
				],
				"width" : 1920
			},
			"version_major" : 1,
			"version_minor" : 0
		},
		{
			"class_name" : "PinholeCameraParameters",
			"extrinsic" : 
			[
				0.96626480456118846,
				0.011756839968196917,
				-0.25728214897324425,
				0.0,
				0.13518949342425676,
				-0.8734266718065149,
				0.46781369138225048,
				0.0,
				-0.21921708038841609,
				-0.48681374846131548,
				-0.84555085357122184,
				0.0,
				0.072980666331208269,
				-0.031839785079864333,
				0.12810598317926977,
				1.0
			],
			"intrinsic" : 
			{
				"height" : 1080,
				"intrinsic_matrix" : 
				[
					935.30743608719399,
					0.0,
					0.0,
					0.0,
					935.30743608719399,
					0.0,
					959.5,
					539.5,
					1.0
				],
				"width" : 1920
			},
			"version_major" : 1,
			"version_minor" : 0
		},
		{
			"class_name" : "PinholeCameraParameters",
			"extrinsic" : 
			[
				0.95898676375441827,
				0.01175683996819693,
				-0.28320692727719432,
				0.0,
				0.14773702999884961,
				-0.8734266718065149,
				0.46400389970787281,
				0.0,
				-0.24190526433078477,
				-0.48681374846131548,
				-0.83934153799159505,
				0.0,
				0.063766938520520122,
				-0.031839785079864326,
				0.12626458676244781,
				1.0
			],
			"intrinsic" : 
			{
				"height" : 1080,
				"intrinsic_matrix" : 
				[
					935.30743608719399,
					0.0,
					0.0,
					0.0,
					935.30743608719399,
					0.0,
					959.5,
					539.5,
					1.0
				],
				"width" : 1920
			},
			"version_major" : 1,
			"version_minor" : 0
		},
		{
			"class_name" : "PinholeCameraParameters",
			"extrinsic" : 
			[
				0.95033038926414826,
				0.011756839968196917,
				-0.31102078379911335,
				0.0,
				0.1611901672500427,
				-0.8734266718065149,
				0.45950362235666653,
				0.0,
				-0.26625153750345903,
				-0.48681374846131553,
				-0.83193899601238031,
				0.0,
				0.053747568345559001,
				-0.031839785079864326,
				0.12455270163741786,
				1.0
			],
			"intrinsic" : 
			{
				"height" : 1080,
				"intrinsic_matrix" : 
				[
					935.30743608719399,
					0.0,
					0.0,
					0.0,
					935.30743608719399,
					0.0,
					959.5,
					539.5,
					1.0
				],
				"width" : 1920
			},
			"version_major" : 1,
			"version_minor" : 0
		},
		{
			"class_name" : "PinholeCameraParameters",
			"extrinsic" : 
			[
				0.94162690852185571,
				0.011756839968196958,
				-0.33645288208237289,
				0.0,
				0.17348318776825689,
				-0.8734266718065149,
				0.45500487089564057,
				0.0,
				-0.28851750156504657,
				-0.48681374846131559,
				-0.824481670869466,
				0.0,
				0.044461359100259848,
				-0.031839785079864374,
				0.12323255604109895,
				1.0
			],
			"intrinsic" : 
			{
				"height" : 1080,
				"intrinsic_matrix" : 
				[
					935.30743608719399,
					0.0,
					0.0,
					0.0,
					935.30743608719399,
					0.0,
					959.5,
					539.5,
					1.0
				],
				"width" : 1920
			},
			"version_major" : 1,
			"version_minor" : 0
		},
		{
			"class_name" : "PinholeCameraParameters",
			"extrinsic" : 
			[
				0.93162285777275766,
				0.011756839968196903,
				-0.36323632471062478,
				0.0,
				0.18642079517730092,
				-0.87342667180651468,
				0.4498590180294908,
				0.0,
				-0.31197137368800859,
				-0.4868137484613157,
				-0.81589597149897719,
				0.0,
				0.034549030314897838,
				-0.031839785079864416,
				0.12210287740987047,
				1.0
			],
			"intrinsic" : 
			{
				"height" : 1080,
				"intrinsic_matrix" : 
				[
					935.30743608719399,
					0.0,
					0.0,
					0.0,
					935.30743608719399,
					0.0,
					959.5,
					539.5,
					1.0
				],
				"width" : 1920
			},
			"version_major" : 1,
			"version_minor" : 0
		},
		{
			"class_name" : "PinholeCameraParameters",
			"extrinsic" : 
			[
				0.92150440953635782,
				0.011756839968196986,
				-0.38818990187665986,
				0.0,
				0.19846630089449627,
				-0.87342667180651479,
				0.44467626020089057,
				0.0,
				-0.3338274263961904,
				-0.48681374846131564,
				-0.8071998660150651,
				0.0,
				0.025187594904950903,
				-0.031839785079864395,
				0.12129848447185786,
				1.0
			],
			"intrinsic" : 
			{
				"height" : 1080,
				"intrinsic_matrix" : 
				[
					935.30743608719399,
					0.0,
					0.0,
					0.0,
					935.30743608719399,
					0.0,
					959.5,
					539.5,
					1.0
				],
				"width" : 1920
			},
			"version_major" : 1,
			"version_minor" : 0
		},
		{
			"class_name" : "PinholeCameraParameters",
			"extrinsic" : 
			[
				0.91263342071722664,
				0.011756839968197041,
				-0.40860985806014993,
				0.0,
				0.20831728408638925,
				-0.8734266718065149,
				0.44014742771924203,
				0.0,
				-0.35171600552270044,
				-0.48681374846131553,
				-0.79956752420805521,
				0.0,
				0.017433414321950502,
				-0.031839785079864347,
				0.12082397316384512,
				1.0
			],
			"intrinsic" : 
			{
				"height" : 1080,
				"intrinsic_matrix" : 
				[
					935.30743608719399,
					0.0,
					0.0,
					0.0,
					935.30743608719399,
					0.0,
					959.5,
					539.5,
					1.0
				],
				"width" : 1920
			},
			"version_major" : 1,
			"version_minor" : 0
		},
		{
			"class_name" : "PinholeCameraParameters",
			"extrinsic" : 
			[
				0.90860615945784684,
				0.011756839968196903,
				-0.41748847134887945,
				0.0,
				0.21259875201204281,
				-0.8734266718065149,
				0.43809544578769194,
				0.0,
				-0.35949494800091952,
				-0.48681374846131531,
				-0.79610034334301072,
				0.0,
				0.014034951700601952,
				-0.031839785079864291,
				0.12067056366419233,
				1.0
			],
			"intrinsic" : 
			{
				"height" : 1080,
				"intrinsic_matrix" : 
				[
					935.30743608719399,
					0.0,
					0.0,
					0.0,
					935.30743608719399,
					0.0,
					959.5,
					539.5,
					1.0
				],
				"width" : 1920
			},
			"version_major" : 1,
			"version_minor" : 0
		},
		{
			"class_name" : "PinholeCameraParameters",
			"extrinsic" : 
			[
				0.90187781444458603,
				0.011756839968196844,
				-0.43183119911212914,
				0.0,
				0.21951285315795799,
				-0.8734266718065149,
				0.4346722400561685,
				0.0,
				-0.37206251505776539,
				-0.48681374846131531,
				-0.79030491533200875,
				0.0,
				0.0085097479709959484,
				-0.031839785079864277,
				0.12049196363538515,
				1.0
			],
			"intrinsic" : 
			{
				"height" : 1080,
				"intrinsic_matrix" : 
				[
					935.30743608719399,
					0.0,
					0.0,
					0.0,
					935.30743608719399,
					0.0,
					959.5,
					539.5,
					1.0
				],
				"width" : 1920
			},
			"version_major" : 1,
			"version_minor" : 0
		},
		{
			"class_name" : "PinholeCameraParameters",
			"extrinsic" : 
			[
				0.88572914373368938,
				0.012518161594754355,
				-0.46403359745935757,
				0.0,
				0.23503543649391065,
				-0.8741251878439904,
				0.42504529119709755,
				0.0,
				-0.4003026699047888,
				-0.48553934094674156,
				-0.77718036571963245,
				0.0,
				-0.0040666691623404902,
				-0.031267340070818148,
				0.12036010783470225,
				1.0
			],
			"intrinsic" : 
			{
				"height" : 1080,
				"intrinsic_matrix" : 
				[
					935.30743608719399,
					0.0,
					0.0,
					0.0,
					935.30743608719399,
					0.0,
					959.5,
					539.5,
					1.0
				],
				"width" : 1920
			},
			"version_major" : 1,
			"version_minor" : 0
		},
		{
			"class_name" : "PinholeCameraParameters",
			"extrinsic" : 
			[
				0.87403184254418165,
				0.014998724100639987,
				-0.48563708311266329,
				0.0,
				0.24538683913077808,
				-0.87630693205384569,
				0.41457382939083648,
				0.0,
				-0.41934906390765747,
				-0.4815196767627774,
				-0.76960065195531235,
				0.0,
				-0.01266168084430035,
				-0.02945187010014752,
				0.1204081795993294,
				1.0
			],
			"intrinsic" : 
			{
				"height" : 1080,
				"intrinsic_matrix" : 
				[
					935.30743608719399,
					0.0,
					0.0,
					0.0,
					935.30743608719399,
					0.0,
					959.5,
					539.5,
					1.0
				],
				"width" : 1920
			},
			"version_major" : 1,
			"version_minor" : 0
		},
		{
			"class_name" : "PinholeCameraParameters",
			"extrinsic" : 
			[
				0.86412573332301168,
				0.015952880551985626,
				-0.50302308357674941,
				0.0,
				0.25362002453658605,
				-0.87710907384784953,
				0.40786830684404662,
				0.0,
				-0.43469943658006838,
				-0.48002622655003135,
				-0.76197849160006426,
				0.0,
				-0.019651050414443677,
				-0.028773249844325333,
				0.12067531352560669,
				1.0
			],
			"intrinsic" : 
			{
				"height" : 1080,
				"intrinsic_matrix" : 
				[
					935.30743608719399,
					0.0,
					0.0,
					0.0,
					935.30743608719399,
					0.0,
					959.5,
					539.5,
					1.0
				],
				"width" : 1920
			},
			"version_major" : 1,
			"version_minor" : 0
		},
		{
			"class_name" : "PinholeCameraParameters",
			"extrinsic" : 
			[
				0.84073796065689765,
				0.019405965866418823,
				-0.5410943448228529,
				0.0,
				0.27156504663910774,
				-0.87968129965190445,
				0.39040137869458863,
				0.0,
				-0.46841446065891296,
				-0.47516756994930509,
				-0.74485144392294234,
				0.0,
				-0.03524290049839273,
				-0.026514942912375716,
				0.1217253439833389,
				1.0
			],
			"intrinsic" : 
			{
				"height" : 1080,
				"intrinsic_matrix" : 
				[
					935.30743608719399,
					0.0,
					0.0,
					0.0,
					935.30743608719399,
					0.0,
					959.5,
					539.5,
					1.0
				],
				"width" : 1920
			},
			"version_major" : 1,
			"version_minor" : 0
		},
		{
			"class_name" : "PinholeCameraParameters",
			"extrinsic" : 
			[
				0.8212435054894538,
				0.027221311413127641,
				-0.56992815766229987,
				0.0,
				0.28493473883051718,
				-0.88496271679473604,
				0.36831126033677686,
				0.0,
				-0.4943392552680585,
				-0.46486556130587864,
				-0.73452618102610334,
				0.0,
				-0.04741835686097251,
				-0.021669648802324405,
				0.12283906117725771,
				1.0
			],
			"intrinsic" : 
			{
				"height" : 1080,
				"intrinsic_matrix" : 
				[
					935.30743608719399,
					0.0,
					0.0,
					0.0,
					935.30743608719399,
					0.0,
					959.5,
					539.5,
					1.0
				],
				"width" : 1920
			},
			"version_major" : 1,
			"version_minor" : 0
		},
		{
			"class_name" : "PinholeCameraParameters",
			"extrinsic" : 
			[
				0.81563473599506675,
				0.030971017266637039,
				-0.5777376338163609,
				0.0,
				0.28850422811362819,
				-0.88733079195064779,
				0.35973514704125858,
				0.0,
				-0.50150302870353392,
				-0.46009223178152664,
				-0.73267308566336509,
				0.0,
				-0.050802595073301648,
				-0.019413965824692334,
				0.12318520120101434,
				1.0
			],
			"intrinsic" : 
			{
				"height" : 1080,
				"intrinsic_matrix" : 
				[
					935.30743608719399,
					0.0,
					0.0,
					0.0,
					935.30743608719399,
					0.0,
					959.5,
					539.5,
					1.0
				],
				"width" : 1920
			},
			"version_major" : 1,
			"version_minor" : 0
		},
		{
			"class_name" : "PinholeCameraParameters",
			"extrinsic" : 
			[
				0.80082620527027837,
				0.042282489980083771,
				-0.59740236021754234,
				0.0,
				0.29734184025242399,
				-0.89395115487865828,
				0.33531949350793089,
				0.0,
				-0.51987038671933239,
				-0.44616535469733359,
				-0.72847186443959144,
				0.0,
				-0.05950880120522857,
				-0.01280928920294502,
				0.12426682086532323,
				1.0
			],
			"intrinsic" : 
			{
				"height" : 1080,
				"intrinsic_matrix" : 
				[
					935.30743608719399,
					0.0,
					0.0,
					0.0,
					935.30743608719399,
					0.0,
					959.5,
					539.5,
					1.0
				],
				"width" : 1920
			},
			"version_major" : 1,
			"version_minor" : 0
		},
		{
			"class_name" : "PinholeCameraParameters",
			"extrinsic" : 
			[
				0.79006314140581013,
				0.050566744446620571,
				-0.61093636080041347,
				0.0,
				0.30317426019935667,
				-0.89841503700532876,
				0.31770393330156693,
				0.0,
				-0.53280915959145791,
				-0.43622634679577055,
				-0.7251351417609414,
				0.0,
				-0.065646209020782997,
				-0.0080941774731302964,
				0.12523846650930076,
				1.0
			],
			"intrinsic" : 
			{
				"height" : 1080,
				"intrinsic_matrix" : 
				[
					935.30743608719399,
					0.0,
					0.0,
					0.0,
					935.30743608719399,
					0.0,
					959.5,
					539.5,
					1.0
				],
				"width" : 1920
			},
			"version_major" : 1,
			"version_minor" : 0
		},
		{
			"class_name" : "PinholeCameraParameters",
			"extrinsic" : 
			[
				0.78417130975649818,
				0.052569553008172648,
				-0.61831367367324108,
				0.0,
				0.30619225276870438,
				-0.89944036712383979,
				0.31185466219468089,
				0.0,
				-0.53974221745126083,
				-0.43387033556657639,
				-0.72141172059798309,
				0.0,
				-0.068941453878579875,
				-0.006974309441224763,
				0.12585900045564888,
				1.0
			],
			"intrinsic" : 
			{
				"height" : 1080,
				"intrinsic_matrix" : 
				[
					935.30743608719399,
					0.0,
					0.0,
					0.0,
					935.30743608719399,
					0.0,
					959.5,
					539.5,
					1.0
				],
				"width" : 1920
			},
			"version_major" : 1,
			"version_minor" : 0
		},
		{
			"class_name" : "PinholeCameraParameters",
			"extrinsic" : 
			[
				0.78028668986479488,
				0.05256955300817269,
				-0.62320873206042493,
				0.0,
				0.3081377727769411,
				-0.89944036712383957,
				0.30993247486541153,
				0.0,
				-0.54424607909281975,
				-0.43387033556657639,
				-0.71802001177365427,
				0.0,
				-0.07108930924190765,
				-0.0069743094412247526,
				0.12629714501538947,
				1.0
			],
			"intrinsic" : 
			{
				"height" : 1080,
				"intrinsic_matrix" : 
				[
					935.30743608719399,
					0.0,
					0.0,
					0.0,
					935.30743608719399,
					0.0,
					959.5,
					539.5,
					1.0
				],
				"width" : 1920
			},
			"version_major" : 1,
			"version_minor" : 0
		},
		{
			"class_name" : "PinholeCameraParameters",
			"extrinsic" : 
			[
				0.77841355518558064,
				0.054387323781818181,
				-0.62539136236055959,
				0.0,
				0.30906618218790416,
				-0.90033461802521542,
				0.30639136837251602,
				0.0,
				-0.54639768679153311,
				-0.43178651507109533,
				-0.71764195339432357,
				0.0,
				-0.072118010689721221,
				-0.0059780397574381063,
				0.12649313476071838,
				1.0
			],
			"intrinsic" : 
			{
				"height" : 1080,
				"intrinsic_matrix" : 
				[
					935.30743608719399,
					0.0,
					0.0,
					0.0,
					935.30743608719399,
					0.0,
					959.5,
					539.5,
					1.0
				],
				"width" : 1920
			},
			"version_major" : 1,
			"version_minor" : 0
		},
		{
			"class_name" : "PinholeCameraParameters",
			"extrinsic" : 
			[
				0.77747482790921474,
				0.057085532959293854,
				-0.6263179175900131,
				0.0,
				0.30952158958811732,
				-0.90164686962436968,
				0.3020418978807744,
				0.0,
				-0.5474753670681286,
				-0.42868889001620797,
				-0.7186769497001344,
				0.0,
				-0.072632170188195982,
				-0.0044997738477207602,
				0.1265791048234319,
				1.0
			],
			"intrinsic" : 
			{
				"height" : 1080,
				"intrinsic_matrix" : 
				[
					935.30743608719399,
					0.0,
					0.0,
					0.0,
					935.30743608719399,
					0.0,
					959.5,
					539.5,
					1.0
				],
				"width" : 1920
			},
			"version_major" : 1,
			"version_minor" : 0
		},
		{
			"class_name" : "PinholeCameraParameters",
			"extrinsic" : 
			[
				0.76908613787001845,
				0.062267861161039599,
				-0.63610472880069724,
				0.0,
				0.31346381354074765,
				-0.90407552887012865,
				0.290495913394128,
				0.0,
				-0.55699815990420509,
				-0.42281219420048283,
				-0.71483067806208689,
				0.0,
				-0.07718029256946872,
				-0.0016926789039395304,
				0.12754915706827671,
				1.0
			],
			"intrinsic" : 
			{
				"height" : 1080,
				"intrinsic_matrix" : 
				[
					935.30743608719399,
					0.0,
					0.0,
					0.0,
					935.30743608719399,
					0.0,
					959.5,
					539.5,
					1.0
				],
				"width" : 1920
			},
			"version_major" : 1,
			"version_minor" : 0
		},
		{
			"class_name" : "PinholeCameraParameters",
			"extrinsic" : 
			[
				0.76507545956413248,
				0.063319291136832129,
				-0.6408199501752897,
				0.0,
				0.31528229530203994,
				-0.9045476671080992,
				0.28703761460542537,
				0.0,
				-0.56147717268096387,
				-0.42164461967304234,
				-0.71201067355691139,
				0.0,
				-0.079325408400753375,
				-0.0011327904767562784,
				0.12803836663308021,
				1.0
			],
			"intrinsic" : 
			{
				"height" : 1080,
				"intrinsic_matrix" : 
				[
					935.30743608719399,
					0.0,
					0.0,
					0.0,
					935.30743608719399,
					0.0,
					959.5,
					539.5,
					1.0
				],
				"width" : 1920
			},
			"version_major" : 1,
			"version_minor" : 0
		},
		{
			"class_name" : "PinholeCameraParameters",
			"extrinsic" : 
			[
				0.76507545956413237,
				0.064220381286579822,
				-0.6407302738283388,
				0.0,
				0.31528229530204011,
				-0.90495041923157482,
				0.28576531105379865,
				0.0,
				-0.56147717268096398,
				-0.42064293808407555,
				-0.71260290709355645,
				0.0,
				-0.079325408400753333,
				-0.000652883626666486,
				0.12803711108076932,
				1.0
			],
			"intrinsic" : 
			{
				"height" : 1080,
				"intrinsic_matrix" : 
				[
					935.30743608719399,
					0.0,
					0.0,
					0.0,
					935.30743608719399,
					0.0,
					959.5,
					539.5,
					1.0
				],
				"width" : 1920
			},
			"version_major" : 1,
			"version_minor" : 0
		},
		{
			"class_name" : "PinholeCameraParameters",
			"extrinsic" : 
			[
				0.76697924120075844,
				0.064220381286579864,
				-0.6384501438597342,
				0.0,
				0.3144303015617893,
				-0.90495041923157482,
				0.28670250119655277,
				0.0,
				-0.55935358140166702,
				-0.42064293808407555,
				-0.7142710197208938,
				0.0,
				-0.078309253958540756,
				-0.00065288362666647212,
				0.12780250619521477,
				1.0
			],
			"intrinsic" : 
			{
				"height" : 1080,
				"intrinsic_matrix" : 
				[
					935.30743608719399,
					0.0,
					0.0,
					0.0,
					935.30743608719399,
					0.0,
					959.5,
					539.5,
					1.0
				],
				"width" : 1920
			},
			"version_major" : 1,
			"version_minor" : 0
		},
		{
			"class_name" : "PinholeCameraParameters",
			"extrinsic" : 
			[
				0.76697924120075844,
				0.064220381286579864,
				-0.6384501438597342,
				0.0,
				0.3144303015617893,
				-0.90495041923157482,
				0.28670250119655277,
				0.0,
				-0.55935358140166702,
				-0.42064293808407555,
				-0.7142710197208938,
				0.0,
				-0.078309253958540756,
				-0.00065288362666647212,
				0.12780250619521477,
				1.0
			],
			"intrinsic" : 
			{
				"height" : 1080,
				"intrinsic_matrix" : 
				[
					935.30743608719399,
					0.0,
					0.0,
					0.0,
					935.30743608719399,
					0.0,
					959.5,
					539.5,
					1.0
				],
				"width" : 1920
			},
			"version_major" : 1,
			"version_minor" : 0
		},
		{
			"class_name" : "PinholeCameraParameters",
			"extrinsic" : 
			[
				0.76697924120075844,
				0.064220381286579864,
				-0.6384501438597342,
				0.0,
				0.3144303015617893,
				-0.90495041923157482,
				0.28670250119655277,
				0.0,
				-0.55935358140166702,
				-0.42064293808407555,
				-0.7142710197208938,
				0.0,
				-0.078309253958540756,
				-0.00065288362666647212,
				0.12780250619521477,
				1.0
			],
			"intrinsic" : 
			{
				"height" : 1080,
				"intrinsic_matrix" : 
				[
					935.30743608719399,
					0.0,
					0.0,
					0.0,
					935.30743608719399,
					0.0,
					959.5,
					539.5,
					1.0
				],
				"width" : 1920
			},
			"version_major" : 1,
			"version_minor" : 0
		},
		{
			"class_name" : "PinholeCameraParameters",
