{
	"class_name" : "PinholeCameraTrajectory",
	"parameters" : 
	[
		{
			"class_name" : "PinholeCameraParameters",
			"extrinsic" : 
			[
				1.0,
				-0.0,
				-0.0,
				0.0,
				0.0,
				-1.0,
				-0.0,
				0.0,
				0.0,
				-0.0,
				-1.0,
				0.0,
				0.26237106313112363,
				0.18881092166734972,
				0.35044475265001257,
				1.0
			],
			"intrinsic" : 
			{
				"height" : 1080,
				"intrinsic_matrix" : 
				[
					935.30743608719399,
					0.0,
					0.0,
					0.0,
					935.30743608719399,
					0.0,
					959.5,
					539.5,
					1.0
				],
				"width" : 1920
			},
			"version_major" : 1,
			"version_minor" : 0
		},
		{
			"class_name" : "PinholeCameraParameters",
			"extrinsic" : 
			[
				1.0,
				-0.0,
				-0.0,
				0.0,
				0.0,
				-1.0,
				-0.0,
				0.0,
				0.0,
				-0.0,
				-1.0,
				0.0,
				0.26237106313112363,
				0.18881092166734972,
				0.35044475265001257,
				1.0
			],
			"intrinsic" : 
			{
				"height" : 1080,
				"intrinsic_matrix" : 
				[
					935.30743608719399,
					0.0,
					0.0,
					0.0,
					935.30743608719399,
					0.0,
					959.5,
					539.5,
					1.0
				],
				"width" : 1920
			},
			"version_major" : 1,
			"version_minor" : 0
		},
		{
			"class_name" : "PinholeCameraParameters",
			"extrinsic" : 
			[
				1.0,
				-0.0,
				-0.0,
				0.0,
				0.0,
				-1.0,
				-0.0,
				0.0,
				0.0,
				-0.0,
				-1.0,
				0.0,
				0.26237106313112363,
				0.18881092166734972,
				0.35044475265001257,
				1.0
			],
			"intrinsic" : 
			{
				"height" : 1080,
				"intrinsic_matrix" : 
				[
					935.30743608719399,
					0.0,
					0.0,
					0.0,
					935.30743608719399,
					0.0,
					959.5,
					539.5,
					1.0
				],
				"width" : 1920
			},
			"version_major" : 1,
			"version_minor" : 0
		},
		{
			"class_name" : "PinholeCameraParameters",
			"extrinsic" : 
			[
				1.0,
				-0.0,
				-0.0,
				0.0,
				0.0,
				-1.0,
				-0.0,
				0.0,
				0.0,
				-0.0,
				-1.0,
				0.0,
				0.26237106313112363,
				0.18881092166734972,
				0.35044475265001257,
				1.0
			],
			"intrinsic" : 
			{
				"height" : 1080,
				"intrinsic_matrix" : 
				[
					935.30743608719399,
					0.0,
					0.0,
					0.0,
					935.30743608719399,
					0.0,
					959.5,
					539.5,
					1.0
				],
				"width" : 1920
			},
			"version_major" : 1,
			"version_minor" : 0
		},
		{
			"class_name" : "PinholeCameraParameters",
			"extrinsic" : 
			[
				1.0,
				-0.0,
				-0.0,
				0.0,
				0.0,
				-1.0,
				-0.0,
				0.0,
				0.0,
				-0.0,
				-1.0,
				0.0,
				0.26237106313112363,
				0.18881092166734972,
				0.35044475265001257,
				1.0
			],
			"intrinsic" : 
			{
				"height" : 1080,
				"intrinsic_matrix" : 
				[
					935.30743608719399,
					0.0,
					0.0,
					0.0,
					935.30743608719399,
					0.0,
					959.5,
					539.5,
					1.0
				],
				"width" : 1920
			},
			"version_major" : 1,
			"version_minor" : 0
		},
		{
			"class_name" : "PinholeCameraParameters",
			"extrinsic" : 
			[
				1.0,
				-0.0,
				-0.0,
				0.0,
				0.0,
				-1.0,
				-0.0,
				0.0,
				0.0,
				-0.0,
				-1.0,
				0.0,
				0.26237106313112363,
				0.18881092166734972,
				0.35044475265001257,
				1.0
			],
			"intrinsic" : 
			{
				"height" : 1080,
				"intrinsic_matrix" : 
				[
					935.30743608719399,
					0.0,
					0.0,
					0.0,
					935.30743608719399,
					0.0,
					959.5,
					539.5,
					1.0
				],
				"width" : 1920
			},
			"version_major" : 1,
			"version_minor" : 0
		},
		{
			"class_name" : "PinholeCameraParameters",
			"extrinsic" : 
			[
				1.0,
				-0.0,
				-0.0,
				0.0,
				0.0,
				-1.0,
				-0.0,
				0.0,
				0.0,
				-0.0,
				-1.0,
				0.0,
				0.26237106313112363,
				0.18881092166734972,
				0.35044475265001257,
				1.0
			],
			"intrinsic" : 
			{
				"height" : 1080,
				"intrinsic_matrix" : 
				[
					935.30743608719399,
					0.0,
					0.0,
					0.0,
					935.30743608719399,
					0.0,
					959.5,
					539.5,
					1.0
				],
				"width" : 1920
			},
			"version_major" : 1,
			"version_minor" : 0
		},
		{
			"class_name" : "PinholeCameraParameters",
			"extrinsic" : 
			[
				1.0,
				-0.0,
				-0.0,
				0.0,
				0.0,
				-1.0,
				-0.0,
				0.0,
				0.0,
				-0.0,
				-1.0,
				0.0,
				0.26237106313112363,
				0.18881092166734972,
				0.35044475265001257,
				1.0
			],
			"intrinsic" : 
			{
				"height" : 1080,
				"intrinsic_matrix" : 
				[
					935.30743608719399,
					0.0,
					0.0,
					0.0,
					935.30743608719399,
					0.0,
					959.5,
					539.5,
					1.0
				],
				"width" : 1920
			},
			"version_major" : 1,
			"version_minor" : 0
		},
		{
			"class_name" : "PinholeCameraParameters",
			"extrinsic" : 
			[
				1.0,
				-0.0,
				-0.0,
				0.0,
				0.0,
				-1.0,
				-0.0,
				0.0,
				0.0,
				-0.0,
				-1.0,
				0.0,
				0.26237106313112363,
				0.18881092166734972,
				0.35044475265001257,
				1.0
			],
			"intrinsic" : 
			{
				"height" : 1080,
				"intrinsic_matrix" : 
				[
					935.30743608719399,
					0.0,
					0.0,
					0.0,
					935.30743608719399,
					0.0,
					959.5,
					539.5,
					1.0
				],
				"width" : 1920
			},
			"version_major" : 1,
			"version_minor" : 0
		},
		{
			"class_name" : "PinholeCameraParameters",
			"extrinsic" : 
			[
				1.0,
				-0.0,
				-0.0,
				0.0,
				0.0,
				-1.0,
				-0.0,
				0.0,
				0.0,
				-0.0,
				-1.0,
				0.0,
				0.26237106313112363,
				0.18881092166734972,
				0.35044475265001257,
				1.0
			],
			"intrinsic" : 
			{
				"height" : 1080,
				"intrinsic_matrix" : 
				[
					935.30743608719399,
					0.0,
					0.0,
					0.0,
					935.30743608719399,
					0.0,
					959.5,
					539.5,
					1.0
				],
				"width" : 1920
			},
			"version_major" : 1,
			"version_minor" : 0
		},
		{
			"class_name" : "PinholeCameraParameters",
			"extrinsic" : 
			[
				1.0,
				-0.0,
				-0.0,
				0.0,
				0.0,
				-1.0,
				-0.0,
				0.0,
				0.0,
				-0.0,
				-1.0,
				0.0,
				0.26237106313112363,
				0.18881092166734972,
				0.35044475265001257,
				1.0
			],
			"intrinsic" : 
			{
				"height" : 1080,
				"intrinsic_matrix" : 
				[
					935.30743608719399,
					0.0,
					0.0,
					0.0,
					935.30743608719399,
					0.0,
					959.5,
					539.5,
					1.0
				],
				"width" : 1920
			},
			"version_major" : 1,
			"version_minor" : 0
		},
		{
			"class_name" : "PinholeCameraParameters",
			"extrinsic" : 
			[
				1.0,
				-0.0,
				-0.0,
				0.0,
				0.0,
				-1.0,
				-0.0,
				0.0,
				0.0,
				-0.0,
				-1.0,
				0.0,
				0.26237106313112363,
				0.18881092166734972,
				0.35044475265001257,
				1.0
			],
			"intrinsic" : 
			{
				"height" : 1080,
				"intrinsic_matrix" : 
				[
					935.30743608719399,
					0.0,
					0.0,
					0.0,
					935.30743608719399,
					0.0,
					959.5,
					539.5,
					1.0
				],
				"width" : 1920
			},
			"version_major" : 1,
			"version_minor" : 0
		},
		{
			"class_name" : "PinholeCameraParameters",
			"extrinsic" : 
			[
				1.0,
				-0.0,
				-0.0,
				0.0,
				0.0,
				-1.0,
				-0.0,
				0.0,
				0.0,
				-0.0,
				-1.0,
				0.0,
				0.26237106313112363,
				0.18881092166734972,
				0.35044475265001257,
				1.0
			],
			"intrinsic" : 
			{
				"height" : 1080,
				"intrinsic_matrix" : 
				[
					935.30743608719399,
					0.0,
					0.0,
					0.0,
					935.30743608719399,
					0.0,
					959.5,
					539.5,
					1.0
				],
				"width" : 1920
			},
			"version_major" : 1,
			"version_minor" : 0
		},
		{
			"class_name" : "PinholeCameraParameters",
			"extrinsic" : 
			[
				1.0,
				-0.0,
				-0.0,
				0.0,
				-0.0,
				-0.99953085208705394,
				-0.030628021910137585,
				0.0,
				0.0,
				0.030628021910137585,
				-0.99953085208705394,
				0.0,
				0.26237106313112363,
				0.2002292460814665,
				0.35640391590538173,
				1.0
			],
			"intrinsic" : 
			{
				"height" : 1080,
				"intrinsic_matrix" : 
				[
					935.30743608719399,
					0.0,
					0.0,
					0.0,
					935.30743608719399,
					0.0,
					959.5,
					539.5,
					1.0
				],
				"width" : 1920
			},
			"version_major" : 1,
			"version_minor" : 0
		},
		{
			"class_name" : "PinholeCameraParameters",
			"extrinsic" : 
			[
				1.0,
				-0.0,
				-0.0,
				0.0,
				-0.0,
				-0.99933080923799078,
				-0.036577776145393204,
				0.0,
				0.0,
				0.036577776145393204,
				-0.99933080923799078,
				0.0,
				0.26237106313112363,
				0.20242679008725775,
				0.35760245030268378,
				1.0
			],
			"intrinsic" : 
			{
				"height" : 1080,
				"intrinsic_matrix" : 
				[
					935.30743608719399,
					0.0,
					0.0,
					0.0,
					935.30743608719399,
					0.0,
					959.5,
					539.5,
					1.0
				],
				"width" : 1920
			},
			"version_major" : 1,
			"version_minor" : 0
		},
		{
			"class_name" : "PinholeCameraParameters",
			"extrinsic" : 
			[
				0.99995247096901307,
				0.00011797159070355565,
				-0.0097489427975103043,
				0.0,
				-0.00044400216196461602,
				-0.99833835548393057,
				-0.057622311926209549,
				0.0,
				-0.0097395413159712986,
				0.057623901745239431,
				-0.99829085304965581,
				0.0,
				0.25878329340082962,
				0.21017735603599108,
				0.35940875808755857,
				1.0
			],
			"intrinsic" : 
			{
				"height" : 1080,
				"intrinsic_matrix" : 
				[
					935.30743608719399,
					0.0,
					0.0,
					0.0,
					935.30743608719399,
					0.0,
					959.5,
					539.5,
					1.0
				],
				"width" : 1920
			},
			"version_major" : 1,
			"version_minor" : 0
		},
		{
			"class_name" : "PinholeCameraParameters",
			"extrinsic" : 
			[
				0.99991812570546046,
				0.00013596531299337581,
				-0.0127954444671917,
				0.0,
				-0.00061956781103516146,
				-0.99825633928662949,
				-0.059024547518684217,
				0.0,
				-0.012781158844441814,
				0.059027642571015358,
				-0.99817452351334923,
				0.0,
				0.25766469949099557,
				0.21069397496402054,
				0.35891790644309696,
				1.0
			],
			"intrinsic" : 
			{
				"height" : 1080,
				"intrinsic_matrix" : 
				[
					935.30743608719399,
					0.0,
					0.0,
					0.0,
					935.30743608719399,
					0.0,
					959.5,
					539.5,
					1.0
				],
				"width" : 1920
			},
			"version_major" : 1,
			"version_minor" : 0
		},
		{
			"class_name" : "PinholeCameraParameters",
			"extrinsic" : 
			[
				0.99976654066291371,
				0.00013596531299337605,
				-0.021606612051505433,
				0.0,
				-0.0011396908458210092,
				-0.99825633928662938,
				-0.059016795735060322,
				0.0,
				-0.021576961688026169,
				0.059027642571015358,
				-0.99802313206499482,
				0.0,
				0.25441856214043285,
				0.21069397496402054,
				0.35666152496893649,
				1.0
			],
			"intrinsic" : 
			{
				"height" : 1080,
				"intrinsic_matrix" : 
				[
					935.30743608719399,
					0.0,
					0.0,
					0.0,
					935.30743608719399,
					0.0,
					959.5,
					539.5,
					1.0
				],
				"width" : 1920
			},
			"version_major" : 1,
			"version_minor" : 0
		},
		{
			"class_name" : "PinholeCameraParameters",
			"extrinsic" : 
			[
				0.99970067228524073,
				0.0001359653129933754,
				-0.024465227280193402,
				0.0,
				-0.0013084371071062882,
				-0.99825633928662949,
				-0.059013295674742901,
				0.0,
				-0.024430591985758435,
				0.059027642571015365,
				-0.99795735559578591,
				0.0,
				0.25336103644037672,
				0.21069397496402054,
				0.3559355583294635,
				1.0
			],
			"intrinsic" : 
			{
				"height" : 1080,
				"intrinsic_matrix" : 
				[
					935.30743608719399,
					0.0,
					0.0,
					0.0,
					935.30743608719399,
					0.0,
					959.5,
					539.5,
					1.0
				],
				"width" : 1920
			},
			"version_major" : 1,
			"version_minor" : 0
		},
		{
			"class_name" : "PinholeCameraParameters",
			"extrinsic" : 
			[
				0.99827301911342681,
				0.00095034114354579239,
				-0.05873734895170888,
				0.0,
				-0.003595550591165056,
				-0.99700609251630345,
				-0.077239390865792235,
				0.0,
				-0.058634898534152033,
				0.077317193023823227,
				-0.99528086505107027,
				0.0,
				0.2405677838027164,
				0.21754294169895533,
				0.35139038488752389,
				1.0
			],
			"intrinsic" : 
			{
				"height" : 1080,
				"intrinsic_matrix" : 
				[
					935.30743608719399,
					0.0,
					0.0,
					0.0,
					935.30743608719399,
					0.0,
					959.5,
					539.5,
					1.0
				],
				"width" : 1920
			},
			"version_major" : 1,
			"version_minor" : 0
		},
		{
			"class_name" : "PinholeCameraParameters",
			"extrinsic" : 
			[
				0.99779511146459654,
				0.0012345185181118301,
				-0.066358055286317344,
				0.0,
				-0.0042015807490212312,
				-0.99664657597719386,
				-0.081718720695720351,
				0.0,
				-0.066236411863588779,
				0.081817348752963995,
				-0.99444389443873249,
				0.0,
				0.2377009419333164,
				0.21924032313457259,
				0.35055112713775727,
				1.0
			],
			"intrinsic" : 
			{
				"height" : 1080,
				"intrinsic_matrix" : 
				[
					935.30743608719399,
					0.0,
					0.0,
					0.0,
					935.30743608719399,
					0.0,
					959.5,
					539.5,
					1.0
				],
				"width" : 1920
			},
			"version_major" : 1,
			"version_minor" : 0
		},
		{
			"class_name" : "PinholeCameraParameters",
			"extrinsic" : 
			[
				0.99779511146459654,
				0.0013278332819481112,
				-0.06635625363241103,
				0.0,
				-0.0042015807490212312,
				-0.99653067361048553,
				-0.083120173680289039,
				0.0,
				-0.066236411863588793,
				0.083215704120119721,
				-0.99432785555430847,
				0.0,
				0.23770094193331642,
				0.21976828273625792,
				0.35085980511462872,
				1.0
			],
			"intrinsic" : 
			{
				"height" : 1080,
				"intrinsic_matrix" : 
				[
					935.30743608719399,
					0.0,
					0.0,
					0.0,
					935.30743608719399,
					0.0,
					959.5,
					539.5,
					1.0
				],
				"width" : 1920
			},
			"version_major" : 1,
			"version_minor" : 0
		},
		{
			"class_name" : "PinholeCameraParameters",
			"extrinsic" : 
			[
				0.99386630444931778,
				0.005128203373282729,
				-0.11046931886464369,
				0.0,
				-0.0085257997862887604,
				-0.99239807306343308,
				-0.12277367518319691,
				0.0,
				-0.11025914754912713,
				0.12296245813315247,
				-0.98626728338295422,
				0.0,
				0.22094731669117063,
				0.23491790922215366,
				0.34980117306184055,
				1.0
			],
			"intrinsic" : 
			{
				"height" : 1080,
				"intrinsic_matrix" : 
				[
					935.30743608719399,
					0.0,
					0.0,
					0.0,
					935.30743608719399,
					0.0,
					959.5,
					539.5,
					1.0
				],
				"width" : 1920
			},
			"version_major" : 1,
			"version_minor" : 0
		},
		{
			"class_name" : "PinholeCameraParameters",
			"extrinsic" : 
			[
				0.99087001681398712,
				0.0075053826149449991,
				-0.13461158572296936,
				0.0,
				-0.011665846833308057,
				-0.98993142208925256,
				-0.14106625244193677,
				0.0,
				-0.13431499468306152,
				0.14134867807006091,
				-0.9808058082062604,
				0.0,
				0.21171630483238962,
				0.24198355853960543,
				0.34897264773810371,
				1.0
			],
			"intrinsic" : 
			{
				"height" : 1080,
				"intrinsic_matrix" : 
				[
					935.30743608719399,
					0.0,
					0.0,
					0.0,
					935.30743608719399,
					0.0,
					959.5,
					539.5,
					1.0
				],
				"width" : 1920
			},
			"version_major" : 1,
			"version_minor" : 0
		},
		{
			"class_name" : "PinholeCameraParameters",
			"extrinsic" : 
			[
				0.98999180718002133,
				0.0081404970165668434,
				-0.1408898648759338,
				0.0,
				-0.012573774676747251,
				-0.98927661323954974,
				-0.14551179569940254,
				0.0,
				-0.14056358670300786,
				0.14582700300564891,
				-0.97927338536670994,
				0.0,
				0.20930972751498442,
				0.24370905948440982,
				0.34874050518285588,
				1.0
			],
			"intrinsic" : 
			{
				"height" : 1080,
				"intrinsic_matrix" : 
				[
					935.30743608719399,
					0.0,
					0.0,
					0.0,
					935.30743608719399,
					0.0,
					959.5,
					539.5,
					1.0
				],
				"width" : 1920
			},
			"version_major" : 1,
			"version_minor" : 0
		},
		{
			"class_name" : "PinholeCameraParameters",
			"extrinsic" : 
			[
				0.98444738424489531,
				0.012372507976035689,
				-0.17524345551194356,
				0.0,
				-0.017986045949692664,
				-0.98517728918540826,
				-0.17059370159647205,
				0.0,
				-0.17475654438240401,
				0.17109246014852186,
				-0.96963267285908195,
				0.0,
				0.19603068129442047,
				0.25353761618514414,
				0.34808485695623753,
				1.0
			],
			"intrinsic" : 
			{
				"height" : 1080,
				"intrinsic_matrix" : 
				[
					935.30743608719399,
					0.0,
					0.0,
					0.0,
					935.30743608719399,
					0.0,
					959.5,
					539.5,
					1.0
				],
				"width" : 1920
			},
			"version_major" : 1,
			"version_minor" : 0
		},
		{
			"class_name" : "PinholeCameraParameters",
			"extrinsic" : 
			[
				0.97968184614417253,
				0.018149063736362329,
				-0.19973505406172337,
				0.0,
				-0.022593712371351445,
				-0.97957018329932799,
				-0.19982937760049621,
				0.0,
				-0.19928121962901257,
				0.20028196992344194,
				-0.95925707087660239,
				0.0,
				0.1864364338157149,
				0.2649609921132019,
				0.35107708418009809,
				1.0
			],
			"intrinsic" : 
			{
				"height" : 1080,
				"intrinsic_matrix" : 
				[
					935.30743608719399,
					0.0,
					0.0,
					0.0,
					935.30743608719399,
					0.0,
					959.5,
					539.5,
					1.0
				],
				"width" : 1920
			},
			"version_major" : 1,
			"version_minor" : 0
		},
		{
			"class_name" : "PinholeCameraParameters",
			"extrinsic" : 
			[
				0.97574900395091535,
				0.024958952803672455,
				-0.21746478327246641,
				0.0,
				-0.026580525537738112,
				-0.97261568650128027,
				-0.23089435253765114,
				0.0,
				-0.21727254072002378,
				0.23107526273183709,
				-0.94836536524826665,
				0.0,
				0.1793980097201999,
				0.27700362170492315,
				0.35638272128110737,
				1.0
			],
			"intrinsic" : 
			{
				"height" : 1080,
				"intrinsic_matrix" : 
				[
					935.30743608719399,
					0.0,
					0.0,
					0.0,
					935.30743608719399,
					0.0,
					959.5,
					539.5,
					1.0
				],
				"width" : 1920
			},
			"version_major" : 1,
			"version_minor" : 0
		},
		{
			"class_name" : "PinholeCameraParameters",
			"extrinsic" : 
			[
				0.96960420503657962,
				0.034412121050380592,
				-0.24224675746064486,
				0.0,
				-0.033201834219801857,
				-0.96239859406261397,
				-0.26960449616196147,
				0.0,
				-0.24241560135400389,
				0.26945268985689907,
				-0.93200317818613609,
				0.0,
				0.16958975524811482,
				0.29197310614871991,
				0.36333679688053266,
				1.0
			],
			"intrinsic" : 
			{
				"height" : 1080,
				"intrinsic_matrix" : 
				[
					935.30743608719399,
					0.0,
					0.0,
					0.0,
					935.30743608719399,
					0.0,
					959.5,
					539.5,
					1.0
				],
				"width" : 1920
			},
			"version_major" : 1,
			"version_minor" : 0
		},
		{
			"class_name" : "PinholeCameraParameters",
			"extrinsic" : 
			[
				0.96497628979089667,
				0.040326035519240799,
				-0.25921915631506948,
				0.0,
				-0.038303518080343345,
				-0.95586721658898366,
				-0.29129144297953191,
				0.0,
				-0.25952572250947364,
				0.29101834153491085,
				-0.92084457116616902,
				0.0,
				0.16291052943398843,
				0.30039373571504274,
				0.36717073589624988,
				1.0
			],
			"intrinsic" : 
			{
				"height" : 1080,
				"intrinsic_matrix" : 
				[
					935.30743608719399,
					0.0,
					0.0,
					0.0,
					935.30743608719399,
					0.0,
					959.5,
					539.5,
					1.0
				],
				"width" : 1920
			},
			"version_major" : 1,
			"version_minor" : 0
		},
		{
			"class_name" : "PinholeCameraParameters",
			"extrinsic" : 
			[
				0.96181001537498145,
				0.043039863330982094,
				-0.27031290107730405,
				0.0,
				-0.041807592970078522,
				-0.9528727323773043,
				-0.30047575786052794,
				0.0,
				-0.27050622819895703,
				0.30030172503044461,
				-0.91468314429058617,
				0.0,
				0.15861603774742383,
				0.30402812837434445,
				0.36830899663957284,
				1.0
			],
			"intrinsic" : 
			{
				"height" : 1080,
				"intrinsic_matrix" : 
				[
					935.30743608719399,
					0.0,
					0.0,
					0.0,
					935.30743608719399,
					0.0,
					959.5,
					539.5,
					1.0
				],
				"width" : 1920
			},
			"version_major" : 1,
			"version_minor" : 0
		},
		{
			"class_name" : "PinholeCameraParameters",
			"extrinsic" : 
			[
				0.94890289010862872,
				0.05548847199084677,
				-0.3106514680789596,
				0.0,
				-0.055828995599891337,
				-0.93937237605993584,
				-0.33832331037901892,
				0.0,
				-0.31059045122765633,
				0.33837932645424967,
				-0.888275296872861,
				0.0,
				0.14281738942646466,
				0.31905096953148954,
				0.37479274625918035,
				1.0
			],
			"intrinsic" : 
			{
				"height" : 1080,
				"intrinsic_matrix" : 
				[
					935.30743608719399,
					0.0,
					0.0,
					0.0,
					935.30743608719399,
					0.0,
					959.5,
					539.5,
					1.0
				],
				"width" : 1920
			},
			"version_major" : 1,
			"version_minor" : 0
		},
		{
			"class_name" : "PinholeCameraParameters",
			"extrinsic" : 
			[
				0.93884050256531815,
				0.063847070080655932,
				-0.33838153375297636,
				0.0,
				-0.066555834215893284,
				-0.93048736882002858,
				-0.36022711918761319,
				0.0,
				-0.33785918912281693,
				0.3607170748779383,
				-0.86932983396221752,
				0.0,
				0.13195782800058672,
				0.32795869799216948,
				0.37877064149022432,
				1.0
			],
			"intrinsic" : 
			{
				"height" : 1080,
				"intrinsic_matrix" : 
				[
					935.30743608719399,
					0.0,
					0.0,
					0.0,
					935.30743608719399,
					0.0,
					959.5,
					539.5,
					1.0
				],
				"width" : 1920
			},
			"version_major" : 1,
			"version_minor" : 0
		},
		{
			"class_name" : "PinholeCameraParameters",
			"extrinsic" : 
			[
				0.93733264363032631,
				0.064822290866861712,
				-0.34235301341123875,
				0.0,
				-0.068154795962238543,
				-0.92945410845647625,
				-0.36258789839254518,
				0.0,
				-0.34170519307193659,
				0.36319847312474896,
				-0.86678972660474107,
				0.0,
				0.13041917262674171,
				0.32895173468906908,
				0.37912869580175002,
				1.0
			],
			"intrinsic" : 
			{
				"height" : 1080,
				"intrinsic_matrix" : 
				[
					935.30743608719399,
					0.0,
					0.0,
					0.0,
					935.30743608719399,
					0.0,
					959.5,
					539.5,
					1.0
				],
				"width" : 1920
			},
			"version_major" : 1,
			"version_minor" : 0
		},
		{
			"class_name" : "PinholeCameraParameters",
			"extrinsic" : 
			[
				0.9272233162482425,
				0.074296564667689177,
				-0.36706531065219372,
				0.0,
				-0.078704887610335825,
				-0.91957913162861726,
				-0.38494124400926788,
				0.0,
				-0.36614541164932818,
				0.38581633085153122,
				-0.8468077092093611,
				0.0,
				0.12057659450866998,
				0.33807050377221581,
				0.38437267566290306,
				1.0
			],
			"intrinsic" : 
			{
				"height" : 1080,
				"intrinsic_matrix" : 
				[
					935.30743608719399,
					0.0,
					0.0,
					0.0,
					935.30743608719399,
					0.0,
					959.5,
					539.5,
					1.0
				],
				"width" : 1920
			},
			"version_major" : 1,
			"version_minor" : 0
		},
		{
			"class_name" : "PinholeCameraParameters",
			"extrinsic" : 
			[
				0.91206840182514604,
				0.089468822125144468,
				-0.4001581690527678,
				0.0,
				-0.094424049264057328,
				-0.90384833803359887,
				-0.41730358344313334,
				0.0,
				-0.39901795612817115,
				0.41839396709493853,
				-0.81592350069467701,
				0.0,
				0.10721816426994721,
				0.35132049147533984,
				0.3934035839683292,
				1.0
			],
			"intrinsic" : 
			{
				"height" : 1080,
				"intrinsic_matrix" : 
				[
					935.30743608719399,
					0.0,
					0.0,
					0.0,
					935.30743608719399,
					0.0,
					959.5,
					539.5,
					1.0
				],
				"width" : 1920
			},
			"version_major" : 1,
			"version_minor" : 0
		},
		{
			"class_name" : "PinholeCameraParameters",
			"extrinsic" : 
			[
				0.89859514471972501,
				0.10295965896713725,
				-0.42652792934520412,
				0.0,
				-0.10829185480972173,
				-0.88996936337461485,
				-0.44297562736165624,
				0.0,
				-0.42520540926475381,
				0.44424524857330044,
				-0.78857245643760587,
				0.0,
				0.096462975391588712,
				0.36195188469910494,
				0.40160783297756286,
				1.0
			],
			"intrinsic" : 
			{
				"height" : 1080,
				"intrinsic_matrix" : 
				[
					935.30743608719399,
					0.0,
					0.0,
					0.0,
					935.30743608719399,
					0.0,
					959.5,
					539.5,
					1.0
				],
				"width" : 1920
			},
			"version_major" : 1,
			"version_minor" : 0
		},
		{
			"class_name" : "PinholeCameraParameters",
			"extrinsic" : 
			[
				0.89297874494103935,
				0.11128598730340074,
				-0.43612428287523008,
				0.0,
				-0.11410938884938376,
				-0.88132243081272399,
				-0.45853006479703318,
				0.0,
				-0.43539408408928398,
				0.45922347716145628,
				-0.774303422156841,
				0.0,
				0.092259937803069347,
				0.36813113638005091,
				0.40738773123615046,
				1.0
			],
			"intrinsic" : 
			{
				"height" : 1080,
				"intrinsic_matrix" : 
				[
					935.30743608719399,
					0.0,
					0.0,
					0.0,
					935.30743608719399,
					0.0,
					959.5,
					539.5,
					1.0
				],
				"width" : 1920
			},
			"version_major" : 1,
			"version_minor" : 0
		},
		{
			"class_name" : "PinholeCameraParameters",
			"extrinsic" : 
			[
				0.87603379196717024,
				0.13068013114286386,
				-0.46420631044407912,
				0.0,
				-0.13184458118976342,
				-0.86101166006835328,
				-0.49119846054037525,
				0.0,
				-0.46387692521025092,
				0.49150953658176627,
				-0.73704584233727333,
				0.0,
				0.080461707223420123,
				0.38151453019337245,
				0.42018558994444227,
				1.0
			],
			"intrinsic" : 
			{
				"height" : 1080,
				"intrinsic_matrix" : 
				[
					935.30743608719399,
					0.0,
					0.0,
					0.0,
					935.30743608719399,
					0.0,
					959.5,
					539.5,
					1.0
				],
				"width" : 1920
			},
			"version_major" : 1,
			"version_minor" : 0
		},
		{
			"class_name" : "PinholeCameraParameters",
			"extrinsic" : 
			[
				0.86637000413374698,
				0.13946057747723958,
				-0.47953494478192765,
				0.0,
				-0.14197584963175353,
				-0.85181564276535893,
				-0.50423503335407016,
				0.0,
				-0.47879627615368237,
				0.50493648914487599,
				-0.71818748796634813,
				0.0,
				0.074233923946034772,
				0.38712644388401496,
				0.42571030434306556,
				1.0
			],
			"intrinsic" : 
			{
				"height" : 1080,
				"intrinsic_matrix" : 
				[
					935.30743608719399,
					0.0,
					0.0,
					0.0,
					935.30743608719399,
					0.0,
					959.5,
					539.5,
					1.0
				],
				"width" : 1920
			},
			"version_major" : 1,
			"version_minor" : 0
		},
		{
			"class_name" : "PinholeCameraParameters",
			"extrinsic" : 
			[
				0.8573556171828457,
				0.14870777871633903,
				-0.49277514368550923,
				0.0,
				-0.15136229315089766,
				-0.84218920514445328,
				-0.51750053038644872,
				0.0,
				-0.49196626093373885,
				0.51826956237792543,
				-0.69954689536547165,
				0.0,
				0.068693127990423819,
				0.39274428216631407,
				0.43174437436948998,
				1.0
			],
			"intrinsic" : 
			{
				"height" : 1080,
				"intrinsic_matrix" : 
				[
					935.30743608719399,
					0.0,
					0.0,
					0.0,
					935.30743608719399,
					0.0,
					959.5,
					539.5,
					1.0
				],
				"width" : 1920
			},
			"version_major" : 1,
			"version_minor" : 0
		},
		{
			"class_name" : "PinholeCameraParameters",
			"extrinsic" : 
			[
				0.83539217164182344,
				0.16889104944673852,
				-0.52306379436579031,
				0.0,
				-0.17418759923388871,
				-0.82122846905144753,
				-0.54336220138370872,
				0.0,
				-0.52132389148464375,
				0.54503175598876363,
				-0.65662910773975935,
				0.0,
				0.056210602091865222,
				0.40413669088524468,
				0.44480462714843272,
				1.0
			],
			"intrinsic" : 
			{
				"height" : 1080,
				"intrinsic_matrix" : 
				[
					935.30743608719399,
					0.0,
					0.0,
					0.0,
					935.30743608719399,
					0.0,
					959.5,
					539.5,
					1.0
				],
				"width" : 1920
			},
			"version_major" : 1,
			"version_minor" : 0
		},
		{
			"class_name" : "PinholeCameraParameters",
			"extrinsic" : 
			[
				0.82596873762057943,
				0.17396293181306957,
				-0.53620196085846961,
				0.0,
				-0.18388814566807976,
				-0.81601168946752367,
				-0.54800554060621764,
				0.0,
				-0.5328797184695826,
				0.55123662886945313,
				-0.6420104240870389,
				0.0,
				0.051228226891029141,
				0.40681358308841542,
				0.44772648444086449,
				1.0
			],
			"intrinsic" : 
			{
				"height" : 1080,
				"intrinsic_matrix" : 
				[
					935.30743608719399,
					0.0,
					0.0,
					0.0,
					935.30743608719399,
					0.0,
					959.5,
					539.5,
					1.0
				],
				"width" : 1920
			},
			"version_major" : 1,
			"version_minor" : 0
		},
		{
			"class_name" : "PinholeCameraParameters",
			"extrinsic" : 
			[
				0.82169811406945326,
				0.17731639152171486,
				-0.54163743097428363,
				0.0,
				-0.18823743984309854,
				-0.81259832169778479,
				-0.5515891893567707,
				0.0,
				-0.53793947203753312,
				0.55519623996534917,
				-0.63433292485280834,
				0.0,
				0.049027990807302871,
				0.40853657307072783,
				0.44986143203298079,
				1.0
			],
			"intrinsic" : 
			{
				"height" : 1080,
				"intrinsic_matrix" : 
				[
					935.30743608719399,
					0.0,
					0.0,
					0.0,
					935.30743608719399,
					0.0,
					959.5,
					539.5,
					1.0
				],
				"width" : 1920
			},
			"version_major" : 1,
			"version_minor" : 0
		},
		{
			"class_name" : "PinholeCameraParameters",
			"extrinsic" : 
			[
				0.81082171829993677,
				0.18721940236126239,
				-0.55454218641382902,
				0.0,
				-0.19924465920419956,
				-0.8025815686851081,
				-0.56228497346590511,
				0.0,
				-0.55033599456308557,
				0.56640243730623452,
				-0.61344810057723442,
				0.0,
				0.043595266477814025,
				0.4134537167312175,
				0.45634147752935034,
				1.0
			],
			"intrinsic" : 
			{
				"height" : 1080,
				"intrinsic_matrix" : 
				[
					935.30743608719399,
					0.0,
					0.0,
					0.0,
					935.30743608719399,
					0.0,
					959.5,
					539.5,
					1.0
				],
				"width" : 1920
			},
			"version_major" : 1,
			"version_minor" : 0
		},
		{
			"class_name" : "PinholeCameraParameters",
			"extrinsic" : 
			[
				0.81002848286856022,
				0.18887085654011451,
				-0.55514111403449684,
				0.0,
				-0.2000501210841491,
				-0.80090474746732609,
				-0.56438598010449925,
				0.0,
				-0.55121121722609745,
				0.56822476629772345,
				-0.61097201979306859,
				0.0,
				0.043210404533352564,
				0.41425505479391395,
				0.457511289313418,
				1.0
			],
			"intrinsic" : 
			{
				"height" : 1080,
				"intrinsic_matrix" : 
				[
					935.30743608719399,
					0.0,
					0.0,
					0.0,
					935.30743608719399,
					0.0,
					959.5,
					539.5,
					1.0
				],
				"width" : 1920
			},
			"version_major" : 1,
			"version_minor" : 0
		},
		{
			"class_name" : "PinholeCameraParameters",
			"extrinsic" : 
			[
				0.78429450389048938,
				0.20844923720909528,
				-0.58432101337716535,
				0.0,
				-0.2257554728764376,
				-0.78139546451217945,
				-0.58176936538986945,
				0.0,
				-0.57785517011921528,
				0.58819218249373373,
				-0.56578561206498623,
				0.0,
				0.031301908724485544,
				0.42321001977099842,
				0.47011397079516387,
				1.0
			],
			"intrinsic" : 
			{
				"height" : 1080,
				"intrinsic_matrix" : 
				[
					935.30743608719399,
					0.0,
					0.0,
					0.0,
					935.30743608719399,
					0.0,
					959.5,
					539.5,
					1.0
				],
				"width" : 1920
			},
			"version_major" : 1,
			"version_minor" : 0
		},
		{
			"class_name" : "PinholeCameraParameters",
			"extrinsic" : 
			[
				0.76228488718011778,
				0.22840622799906818,
				-0.60560081389313936,
				0.0,
				-0.2473963601003672,
				-0.76179396684724709,
				-0.59871946108693097,
				0.0,
				-0.59809430007807673,
				0.60621823387817464,
				-0.52419715864142413,
				0.0,
				0.022009445451372567,
				0.4315175419201816,
				0.48335585343720605,
				1.0
			],
			"intrinsic" : 
			{
				"height" : 1080,
				"intrinsic_matrix" : 
				[
					935.30743608719399,
					0.0,
					0.0,
					0.0,
					935.30743608719399,
					0.0,
					959.5,
					539.5,
					1.0
				],
				"width" : 1920
			},
			"version_major" : 1,
			"version_minor" : 0
		},
		{
			"class_name" : "PinholeCameraParameters",
			"extrinsic" : 
			[
				0.75748519674635617,
				0.23606141882387463,
				-0.60867986926872597,
				0.0,
				-0.25214167650114366,
				-0.75421523499729604,
				-0.60628702300904169,
				0.0,
				-0.60219660550465315,
				0.61272700759868004,
				-0.51178595377153557,
				0.0,
				0.02010488276589768,
				0.43454043224291095,
				0.48863970892320568,
				1.0
			],
			"intrinsic" : 
			{
				"height" : 1080,
				"intrinsic_matrix" : 
				[
					935.30743608719399,
					0.0,
					0.0,
					0.0,
					935.30743608719399,
					0.0,
					959.5,
					539.5,
					1.0
				],
				"width" : 1920
			},
			"version_major" : 1,
			"version_minor" : 0
		},
		{
			"class_name" : "PinholeCameraParameters",
			"extrinsic" : 
			[
				0.75633111876939085,
				0.24669751444566956,
				-0.60589072871877681,
				0.0,
				-0.25330115698892391,
				-0.74349082571989067,
				-0.61891834351425379,
				0.0,
				-0.60315981518094719,
				0.62158002577036198,
				-0.4998364821761232,
				0.0,
				0.019659132161879426,
				0.43863221680825992,
				0.49624582959758101,
				1.0
			],
			"intrinsic" : 
			{
				"height" : 1080,
				"intrinsic_matrix" : 
				[
					935.30743608719399,
					0.0,
					0.0,
					0.0,
					935.30743608719399,
					0.0,
					959.5,
					539.5,
					1.0
				],
				"width" : 1920
			},
			"version_major" : 1,
			"version_minor" : 0
		},
		{
			"class_name" : "PinholeCameraParameters",
			"extrinsic" : 
			[
				0.75259891125412393,
				0.27975763003038412,
				-0.59609608891427057,
				0.0,
				-0.25716091775213462,
				-0.70849985251514713,
				-0.65718811718327252,
				0.0,
				-0.60618738122793936,
				0.64789167877493037,
				-0.46127348873983143,
				0.0,
				0.018271221598640811,
				0.45058480753033758,
				0.52052947317716813,
				1.0
			],
			"intrinsic" : 
			{
				"height" : 1080,
				"intrinsic_matrix" : 
				[
					935.30743608719399,
					0.0,
					0.0,
					0.0,
					935.30743608719399,
					0.0,
					959.5,
					539.5,
					1.0
				],
				"width" : 1920
			},
			"version_major" : 1,
			"version_minor" : 0
		},
		{
			"class_name" : "PinholeCameraParameters",
			"extrinsic" : 
			[
				0.75259891125412404,
				0.27975763003038423,
				-0.59609608891427057,
				0.0,
				-0.25716091775213457,
				-0.70849985251514713,
				-0.65718811718327252,
				0.0,
				-0.60618738122793947,
				0.64789167877493037,
				-0.46127348873983143,
				0.0,
				0.018271221598640721,
				0.45058480753033758,
				0.52052947317716813,
				1.0
			],
			"intrinsic" : 
			{
				"height" : 1080,
				"intrinsic_matrix" : 
				[
					935.30743608719399,
					0.0,
					0.0,
					0.0,
					935.30743608719399,
					0.0,
					959.5,
					539.5,
					1.0
				],
				"width" : 1920
			},
			"version_major" : 1,
			"version_minor" : 0
		},
		{
			"class_name" : "PinholeCameraParameters",
			"extrinsic" : 
			[
				0.75259891125412404,
				0.27975763003038423,
				-0.59609608891427057,
				0.0,
				-0.25716091775213457,
				-0.70849985251514713,
				-0.65718811718327252,
				0.0,
				-0.60618738122793947,
				0.64789167877493037,
				-0.46127348873983143,
				0.0,
				0.018271221598640721,
				0.45058480753033758,
				0.52052947317716813,
				1.0
			],
			"intrinsic" : 
			{
				"height" : 1080,
				"intrinsic_matrix" : 
				[
					935.30743608719399,
					0.0,
					0.0,
					0.0,
					935.30743608719399,
					0.0,
					959.5,
					539.5,
					1.0
				],
				"width" : 1920
			},
			"version_major" : 1,
			"version_minor" : 0
		},
		{
			"class_name" : "PinholeCameraParameters",
			"extrinsic" : 
			[
				0.75606422512302385,
				0.28067426989024924,
				-0.59126038401933989,
				0.0,
				-0.25331966012060414,
				-0.70748068370057371,
				-0.65977286393648416,
				0.0,
				-0.60348656760983777,
				0.64860853865189305,
				-0.46380052425838469,
				0.0,
				0.019469840158481872,
				0.45090220034708434,
				0.52133684694551863,
				1.0
			],
			"intrinsic" : 
			{
				"height" : 1080,
				"intrinsic_matrix" : 
				[
					935.30743608719399,
					0.0,
					0.0,
					0.0,
					935.30743608719399,
					0.0,
					959.5,
					539.5,
					1.0
				],
				"width" : 1920
			},
			"version_major" : 1,
			"version_minor" : 0
		},
		{
			"class_name" : "PinholeCameraParameters",
			"extrinsic" : 
			[
				0.75688110425053023,
				0.28067426989024929,
				-0.59021432399601559,
				0.0,
				-0.25240707605281032,
				-0.70748068370057371,
				-0.66012252661838444,
				0.0,
				-0.60284464166729479,
				0.64860853865189305,
				-0.46463458932895518,
				0.0,
				0.019753030436547848,
				0.45090220034708428,
				0.52136396588771228,
				1.0
			],
			"intrinsic" : 
			{
				"height" : 1080,
				"intrinsic_matrix" : 
				[
					935.30743608719399,
					0.0,
					0.0,
					0.0,
					935.30743608719399,
					0.0,
					959.5,
					539.5,
					1.0
				],
				"width" : 1920
			},
			"version_major" : 1,
			"version_minor" : 0
		},
		{
			"class_name" : "PinholeCameraParameters",
			"extrinsic" : 
			[
				0.75949935670341584,
				0.28419704821106284,
				-0.58514337128195892,
				0.0,
				-0.24945861988252421,
				-0.70350278610819073,
				-0.66547293476468272,
				0.0,
				-0.60077543569407355,
				0.65139532369071573,
				-0.46341451006681261,
				0.0,
				0.020660681156913007,
				0.45212239614091643,
				0.52416303469497161,
				1.0
			],
			"intrinsic" : 
			{
				"height" : 1080,
				"intrinsic_matrix" : 
				[
					935.30743608719399,
					0.0,
					0.0,
					0.0,
					935.30743608719399,
					0.0,
					959.5,
					539.5,
					1.0
				],
				"width" : 1920
			},
			"version_major" : 1,
			"version_minor" : 0
		},
		{
			"class_name" : "PinholeCameraParameters",
			"extrinsic" : 
			[
				0.77281121372333916,
				0.30135456020785223,
				-0.55852328240225713,
				0.0,
				-0.23371284038347709,
				-0.68307887784783494,
				-0.69194042726092408,
				0.0,
				-0.5900348601424722,
				0.665273384166295,
				-0.45746058642967113,
				0.0,
				0.025215571192671753,
				0.45798174162220107,
				0.53838160808633084,
				1.0
			],
			"intrinsic" : 
			{
				"height" : 1080,
				"intrinsic_matrix" : 
				[
					935.30743608719399,
					0.0,
					0.0,
					0.0,
					935.30743608719399,
					0.0,
					959.5,
					539.5,
					1.0
				],
				"width" : 1920
			},
			"version_major" : 1,
			"version_minor" : 0
		},
		{
			"class_name" : "PinholeCameraParameters",
			"extrinsic" : 
			[
				0.7744565741021856,
				0.30299756982934101,
				-0.55534627711673712,
				0.0,
				-0.23166695295049355,
				-0.68103099142318557,
				-0.69464178655749387,
				0.0,
				-0.58868279891681907,
				0.66662527809757322,
				-0.45723440472124732,
				0.0,
				0.025768947749512931,
				0.45853406112461537,
				0.53981018462827612,
				1.0
			],
			"intrinsic" : 
			{
				"height" : 1080,
				"intrinsic_matrix" : 
				[
					935.30743608719399,
					0.0,
					0.0,
					0.0,
					935.30743608719399,
					0.0,
					959.5,
					539.5,
					1.0
				],
				"width" : 1920
			},
			"version_major" : 1,
			"version_minor" : 0
		},
		{
			"class_name" : "PinholeCameraParameters",
			"extrinsic" : 
			[
				0.77445657410218549,
				0.30376521966698028,
				-0.55492675746496256,
				0.0,
				-0.23166695295049358,
				-0.68006978126028561,
				-0.69558286028856486,
				0.0,
				-0.58868279891681907,
				0.66725690999588649,
				-0.45631215009267684,
				0.0,
				0.025768947749512952,
				0.45879128646581918,
				0.54044442920794888,
				1.0
			],
			"intrinsic" : 
			{
				"height" : 1080,
				"intrinsic_matrix" : 
				[
					935.30743608719399,
					0.0,
					0.0,
					0.0,
					935.30743608719399,
					0.0,
					959.5,
					539.5,
					1.0
				],
				"width" : 1920
			},
			"version_major" : 1,
			"version_minor" : 0
		},
		{
			"class_name" : "PinholeCameraParameters",
			"extrinsic" : 
			[
				0.7752231930680844,
				0.30376521966698022,
				-0.55385529901770825,
				0.0,
				-0.23070487108973015,
				-0.68006978126028561,
				-0.69590254710847155,
				0.0,
				-0.58805124214203885,
				0.66725690999588649,
				-0.45712575149289808,
				0.0,
				0.026025709809919684,
				0.45879128646581913,
				0.54048024036360864,
				1.0
			],
			"intrinsic" : 
			{
				"height" : 1080,
