{
	"class_name" : "PinholeCameraTrajectory",
	"parameters" : 
	[
		{
			"class_name" : "PinholeCameraParameters",
			"extrinsic" : 
			[
				1.0,
				-0.0,
				-0.0,
				0.0,
				0.0,
				-1.0,
				-0.0,
				0.0,
				0.0,
				-0.0,
				-1.0,
				0.0,
				0.26237106313112363,
				0.18881092166734972,
				0.35044475265001257,
				1.0
			],
			"intrinsic" : 
			{
				"height" : 1080,
				"intrinsic_matrix" : 
				[
					935.30743608719399,
					0.0,
					0.0,
					0.0,
					935.30743608719399,
					0.0,
					959.5,
					539.5,
					1.0
				],
				"width" : 1920
			},
			"version_major" : 1,
			"version_minor" : 0
		},
		{
			"class_name" : "PinholeCameraParameters",
			"extrinsic" : 
			[
				1.0,
				-0.0,
				-0.0,
				0.0,
				0.0,
				-1.0,
				-0.0,
				0.0,
				0.0,
				-0.0,
				-1.0,
				0.0,
				0.26237106313112363,
				0.18881092166734972,
				0.35044475265001257,
				1.0
			],
			"intrinsic" : 
			{
				"height" : 1080,
				"intrinsic_matrix" : 
				[
					935.30743608719399,
					0.0,
					0.0,
					0.0,
					935.30743608719399,
					0.0,
					959.5,
					539.5,
					1.0
				],
				"width" : 1920
			},
			"version_major" : 1,
			"version_minor" : 0
		},
		{
			"class_name" : "PinholeCameraParameters",
			"extrinsic" : 
			[
				1.0,
				-0.0,
				-0.0,
				0.0,
				0.0,
				-1.0,
				-0.0,
				0.0,
				0.0,
				-0.0,
				-1.0,
				0.0,
				0.26237106313112363,
				0.18881092166734972,
				0.35044475265001257,
				1.0
			],
			"intrinsic" : 
			{
				"height" : 1080,
				"intrinsic_matrix" : 
				[
					935.30743608719399,
					0.0,
					0.0,
					0.0,
					935.30743608719399,
					0.0,
					959.5,
					539.5,
					1.0
				],
				"width" : 1920
			},
			"version_major" : 1,
			"version_minor" : 0
		},
		{
			"class_name" : "PinholeCameraParameters",
			"extrinsic" : 
			[
				1.0,
				-0.0,
				-0.0,
				0.0,
				0.0,
				-1.0,
				-0.0,
				0.0,
				0.0,
				-0.0,
				-1.0,
				0.0,
				0.26237106313112363,
				0.18881092166734972,
				0.35044475265001257,
				1.0
			],
			"intrinsic" : 
			{
				"height" : 1080,
				"intrinsic_matrix" : 
				[
					935.30743608719399,
					0.0,
					0.0,
					0.0,
					935.30743608719399,
					0.0,
					959.5,
					539.5,
					1.0
				],
				"width" : 1920
			},
			"version_major" : 1,
			"version_minor" : 0
		},
		{
			"class_name" : "PinholeCameraParameters",
			"extrinsic" : 
			[
				1.0,
				-0.0,
				-0.0,
				0.0,
				0.0,
				-1.0,
				-0.0,
				0.0,
				0.0,
				-0.0,
				-1.0,
				0.0,
				0.26237106313112363,
				0.18881092166734972,
				0.35044475265001257,
				1.0
			],
			"intrinsic" : 
			{
				"height" : 1080,
				"intrinsic_matrix" : 
				[
					935.30743608719399,
					0.0,
					0.0,
					0.0,
					935.30743608719399,
					0.0,
					959.5,
					539.5,
					1.0
				],
				"width" : 1920
			},
			"version_major" : 1,
			"version_minor" : 0
		},
		{
			"class_name" : "PinholeCameraParameters",
			"extrinsic" : 
			[
				1.0,
				-0.0,
				-0.0,
				0.0,
				0.0,
				-1.0,
				-0.0,
				0.0,
				0.0,
				-0.0,
				-1.0,
				0.0,
				0.26237106313112363,
				0.18881092166734972,
				0.35044475265001257,
				1.0
			],
			"intrinsic" : 
			{
				"height" : 1080,
				"intrinsic_matrix" : 
				[
					935.30743608719399,
					0.0,
					0.0,
					0.0,
					935.30743608719399,
					0.0,
					959.5,
					539.5,
					1.0
				],
				"width" : 1920
			},
			"version_major" : 1,
			"version_minor" : 0
		},
		{
			"class_name" : "PinholeCameraParameters",
			"extrinsic" : 
			[
				1.0,
				-0.0,
				-0.0,
				0.0,
				0.0,
				-1.0,
				-0.0,
				0.0,
				0.0,
				-0.0,
				-1.0,
				0.0,
				0.26237106313112363,
				0.18881092166734972,
				0.35044475265001257,
				1.0
			],
			"intrinsic" : 
			{
				"height" : 1080,
				"intrinsic_matrix" : 
				[
					935.30743608719399,
					0.0,
					0.0,
					0.0,
					935.30743608719399,
					0.0,
					959.5,
					539.5,
					1.0
				],
				"width" : 1920
			},
			"version_major" : 1,
			"version_minor" : 0
		},
		{
			"class_name" : "PinholeCameraParameters",
			"extrinsic" : 
			[
				1.0,
				-0.0,
				-0.0,
				0.0,
				0.0,
				-1.0,
				-0.0,
				0.0,
				0.0,
				-0.0,
				-1.0,
				0.0,
				0.26237106313112363,
				0.18881092166734972,
				0.35044475265001257,
				1.0
			],
			"intrinsic" : 
			{
				"height" : 1080,
				"intrinsic_matrix" : 
				[
					935.30743608719399,
					0.0,
					0.0,
					0.0,
					935.30743608719399,
					0.0,
					959.5,
					539.5,
					1.0
				],
				"width" : 1920
			},
			"version_major" : 1,
			"version_minor" : 0
		},
		{
			"class_name" : "PinholeCameraParameters",
			"extrinsic" : 
			[
				1.0,
				-0.0,
				-0.0,
				0.0,
				0.0,
				-1.0,
				-0.0,
				0.0,
				0.0,
				-0.0,
				-1.0,
				0.0,
				0.26237106313112363,
				0.18881092166734972,
				0.35044475265001257,
				1.0
			],
			"intrinsic" : 
			{
				"height" : 1080,
				"intrinsic_matrix" : 
				[
					935.30743608719399,
					0.0,
					0.0,
					0.0,
					935.30743608719399,
					0.0,
					959.5,
					539.5,
					1.0
				],
				"width" : 1920
			},
			"version_major" : 1,
			"version_minor" : 0
		},
		{
			"class_name" : "PinholeCameraParameters",
			"extrinsic" : 
			[
				1.0,
				-0.0,
				-0.0,
				0.0,
				0.0,
				-1.0,
				-0.0,
				0.0,
				0.0,
				-0.0,
				-1.0,
				0.0,
				0.26237106313112363,
				0.18881092166734972,
				0.35044475265001257,
				1.0
			],
			"intrinsic" : 
			{
				"height" : 1080,
				"intrinsic_matrix" : 
				[
					935.30743608719399,
					0.0,
					0.0,
					0.0,
					935.30743608719399,
					0.0,
					959.5,
					539.5,
					1.0
				],
				"width" : 1920
			},
			"version_major" : 1,
			"version_minor" : 0
		},
		{
			"class_name" : "PinholeCameraParameters",
			"extrinsic" : 
			[
				1.0,
				-0.0,
				-0.0,
				0.0,
				0.0,
				-1.0,
				-0.0,
				0.0,
				0.0,
				-0.0,
				-1.0,
				0.0,
				0.26237106313112363,
				0.18881092166734972,
				0.35044475265001257,
				1.0
			],
			"intrinsic" : 
			{
				"height" : 1080,
				"intrinsic_matrix" : 
				[
					935.30743608719399,
					0.0,
					0.0,
					0.0,
					935.30743608719399,
					0.0,
					959.5,
					539.5,
					1.0
				],
				"width" : 1920
			},
			"version_major" : 1,
			"version_minor" : 0
		},
		{
			"class_name" : "PinholeCameraParameters",
			"extrinsic" : 
			[
				1.0,
				-0.0,
				-0.0,
				0.0,
				0.0,
				-1.0,
				-0.0,
				0.0,
				0.0,
				-0.0,
				-1.0,
				0.0,
				0.26237106313112363,
				0.18881092166734972,
				0.35044475265001257,
				1.0
			],
			"intrinsic" : 
			{
				"height" : 1080,
				"intrinsic_matrix" : 
				[
					935.30743608719399,
					0.0,
					0.0,
					0.0,
					935.30743608719399,
					0.0,
					959.5,
					539.5,
					1.0
				],
				"width" : 1920
			},
			"version_major" : 1,
			"version_minor" : 0
		},
		{
			"class_name" : "PinholeCameraParameters",
			"extrinsic" : 
			[
				1.0,
				-0.0,
				-0.0,
				0.0,
				0.0,
				-1.0,
				-0.0,
				0.0,
				0.0,
				-0.0,
				-1.0,
				0.0,
				0.26237106313112363,
				0.18881092166734972,
				0.35044475265001257,
				1.0
			],
			"intrinsic" : 
			{
				"height" : 1080,
				"intrinsic_matrix" : 
				[
					935.30743608719399,
					0.0,
					0.0,
					0.0,
					935.30743608719399,
					0.0,
					959.5,
					539.5,
					1.0
				],
				"width" : 1920
			},
			"version_major" : 1,
			"version_minor" : 0
		},
		{
			"class_name" : "PinholeCameraParameters",
			"extrinsic" : 
			[
				0.99993907041213737,
				8.4374465941937894e-06,
				-0.01103881298510789,
				0.0,
				-5.7795634389841052e-05,
				-0.99998200005400006,
				-0.005999685630657582,
				0.0,
				-0.011038664909097344,
				0.0059999580674841855,
				-0.99992107107521899,
				0.0,
				0.25821877856912079,
				0.19106391261229447,
				0.34871094721083945,
				1.0
			],
			"intrinsic" : 
			{
				"height" : 1080,
				"intrinsic_matrix" : 
				[
					935.30743608719399,
					0.0,
					0.0,
					0.0,
					935.30743608719399,
					0.0,
					959.5,
					539.5,
					1.0
				],
				"width" : 1920
			},
			"version_major" : 1,
			"version_minor" : 0
		},
		{
			"class_name" : "PinholeCameraParameters",
			"extrinsic" : 
			[
				0.99934869219609901,
				-0.00010320313263694232,
				-0.036085741714147246,
				0.0,
				-0.00020808201722762455,
				-0.99999576569223558,
				-0.0029026366417119246,
				0.0,
				-0.036085289354816585,
				0.0029082549257443235,
				-0.99934448212088822,
				0.0,
				0.24868227461628939,
				0.18987567194482546,
				0.34177122487546757,
				1.0
			],
			"intrinsic" : 
			{
				"height" : 1080,
				"intrinsic_matrix" : 
				[
					935.30743608719399,
					0.0,
					0.0,
					0.0,
					935.30743608719399,
					0.0,
					959.5,
					539.5,
					1.0
				],
				"width" : 1920
			},
			"version_major" : 1,
			"version_minor" : 0
		},
		{
			"class_name" : "PinholeCameraParameters",
			"extrinsic" : 
			[
				0.99784307813158868,
				-0.0019905144415176272,
				-0.065614245992271572,
				0.0,
				0.00011001677721177592,
				-0.99948804869610952,
				0.031994193378679689,
				0.0,
				-0.065644339597446991,
				-0.031932403071202285,
				-0.99733201207667732,
				0.0,
				0.23712189101185555,
				0.17619504745186212,
				0.32819097933512403,
				1.0
			],
			"intrinsic" : 
			{
				"height" : 1080,
				"intrinsic_matrix" : 
				[
					935.30743608719399,
					0.0,
					0.0,
					0.0,
					935.30743608719399,
					0.0,
					959.5,
					539.5,
					1.0
				],
				"width" : 1920
			},
			"version_major" : 1,
			"version_minor" : 0
		},
		{
			"class_name" : "PinholeCameraParameters",
			"extrinsic" : 
			[
				0.99648319022322163,
				-0.0039165515721124823,
				-0.083701327506400511,
				0.0,
				0.0008513242689611553,
				-0.99838228259176653,
				0.05685150001401134,
				0.0,
				-0.083788584243557979,
				-0.056722821074388002,
				-0.99486782776398164,
				0.0,
				0.22980836168412005,
				0.16616720522122874,
				0.31967791212655233,
				1.0
			],
			"intrinsic" : 
			{
				"height" : 1080,
				"intrinsic_matrix" : 
				[
					935.30743608719399,
					0.0,
					0.0,
					0.0,
					935.30743608719399,
					0.0,
					959.5,
					539.5,
					1.0
				],
				"width" : 1920
			},
			"version_major" : 1,
			"version_minor" : 0
		},
		{
			"class_name" : "PinholeCameraParameters",
			"extrinsic" : 
			[
				0.99623168302360021,
				-0.0041740473281096984,
				-0.08663146696707788,
				0.0,
				0.001023666579128832,
				-0.99820583669473584,
				0.059867016756286071,
				0.0,
				-0.086725923729297813,
				-0.059730100598152043,
				-0.99444000786162801,
				0.0,
				0.22860627905749142,
				0.1649365001949685,
				0.31850049716005685,
				1.0
			],
			"intrinsic" : 
			{
				"height" : 1080,
				"intrinsic_matrix" : 
				[
					935.30743608719399,
					0.0,
					0.0,
					0.0,
					935.30743608719399,
					0.0,
					959.5,
					539.5,
					1.0
				],
				"width" : 1920
			},
			"version_major" : 1,
			"version_minor" : 0
		},
		{
			"class_name" : "PinholeCameraParameters",
			"extrinsic" : 
			[
				0.99425853077823456,
				-0.0053876380903929754,
				-0.10686883236245034,
				0.0,
				0.0023109854558460386,
				-0.99741754429637175,
				0.071783714559907189,
				0.0,
				-0.10697959301160868,
				-0.071618542889410344,
				-0.99167845141127697,
				0.0,
				0.22023624613808099,
				0.16000277986914044,
				0.31197830825697698,
				1.0
			],
			"intrinsic" : 
			{
				"height" : 1080,
				"intrinsic_matrix" : 
				[
					935.30743608719399,
					0.0,
					0.0,
					0.0,
					935.30743608719399,
					0.0,
					959.5,
					539.5,
					1.0
				],
				"width" : 1920
			},
			"version_major" : 1,
			"version_minor" : 0
		},
		{
			"class_name" : "PinholeCameraParameters",
			"extrinsic" : 
			[
				0.98566689363331539,
				-0.010843782680899618,
				-0.16835435002523741,
				0.0,
				0.0076881469220643848,
				-0.99400802175047609,
				0.10903643928801983,
				0.0,
				-0.16852794187361184,
				-0.10876794138382277,
				-0.97967743045094691,
				0.0,
				0.19384315443382671,
				0.14397051366266986,
				0.293321332990432,
				1.0
			],
			"intrinsic" : 
			{
				"height" : 1080,
				"intrinsic_matrix" : 
				[
					935.30743608719399,
					0.0,
					0.0,
					0.0,
					935.30743608719399,
					0.0,
					959.5,
					539.5,
					1.0
				],
				"width" : 1920
			},
			"version_major" : 1,
			"version_minor" : 0
		},
		{
			"class_name" : "PinholeCameraParameters",
			"extrinsic" : 
			[
				0.98086528106475279,
				-0.014343415518287309,
				-0.19415861256465911,
				0.0,
				0.010763712155267351,
				-0.991761759508202,
				0.12764307610612427,
				0.0,
				-0.19438992489942014,
				-0.12729052913891525,
				-0.97263028859332412,
				0.0,
				0.18228633936068395,
				0.13566928231676276,
				0.28568550621143496,
				1.0
			],
			"intrinsic" : 
			{
				"height" : 1080,
				"intrinsic_matrix" : 
				[
					935.30743608719399,
					0.0,
					0.0,
					0.0,
					935.30743608719399,
					0.0,
					959.5,
					539.5,
					1.0
				],
				"width" : 1920
			},
			"version_major" : 1,
			"version_minor" : 0
		},
		{
			"class_name" : "PinholeCameraParameters",
			"extrinsic" : 
			[
				0.98028766179820404,
				-0.01463222530898009,
				-0.19703298736180522,
				0.0,
				0.011142772700154723,
				-0.99157222913245313,
				0.12907498994712605,
				0.0,
				-0.19726109282563231,
				-0.12872611388449995,
				-0.97186297843957004,
				0.0,
				0.18098452426558392,
				0.13501837441442952,
				0.28494926981130742,
				1.0
			],
			"intrinsic" : 
			{
				"height" : 1080,
				"intrinsic_matrix" : 
				[
					935.30743608719399,
					0.0,
					0.0,
					0.0,
					935.30743608719399,
					0.0,
					959.5,
					539.5,
					1.0
				],
				"width" : 1920
			},
			"version_major" : 1,
			"version_minor" : 0
		},
		{
			"class_name" : "PinholeCameraParameters",
			"extrinsic" : 
			[
				0.97904047794877014,
				-0.016220708426733906,
				-0.2030187950806005,
				0.0,
				0.011962977263290209,
				-0.99052220433290428,
				0.13683073448053451,
				0.0,
				-0.20331411587207118,
				-0.13639153691347358,
				-0.96956728438285222,
				0.0,
				0.1782283235062582,
				0.13152345763168072,
				0.28277688682437591,
				1.0
			],
			"intrinsic" : 
			{
				"height" : 1080,
				"intrinsic_matrix" : 
				[
					935.30743608719399,
					0.0,
					0.0,
					0.0,
					935.30743608719399,
					0.0,
					959.5,
					539.5,
					1.0
				],
				"width" : 1920
			},
			"version_major" : 1,
			"version_minor" : 0
		},
		{
			"class_name" : "PinholeCameraParameters",
			"extrinsic" : 
			[
				0.97057817461461393,
				-0.025645957691243296,
				-0.23941656545833054,
				0.0,
				0.0177980440828709,
				-0.98395057181315015,
				0.17755140623323509,
				0.0,
				-0.2401275423365431,
				-0.17658866634830803,
				-0.95454450201587659,
				0.0,
				0.16107558320253959,
				0.11270774409484538,
				0.27118269571212278,
				1.0
			],
			"intrinsic" : 
			{
				"height" : 1080,
				"intrinsic_matrix" : 
				[
					935.30743608719399,
					0.0,
					0.0,
					0.0,
					935.30743608719399,
					0.0,
					959.5,
					539.5,
					1.0
				],
				"width" : 1920
			},
			"version_major" : 1,
			"version_minor" : 0
		},
		{
			"class_name" : "PinholeCameraParameters",
			"extrinsic" : 
			[
				0.96210066709432851,
				-0.035663894475541226,
				-0.27035234973546257,
				0.0,
				0.024163806311465225,
				-0.97636138457413735,
				0.21478956486993392,
				0.0,
				-0.27162182688655639,
				-0.21318192546112114,
				-0.93849616398550018,
				0.0,
				0.14581704679141039,
				0.09489837005957269,
				0.26206440802834519,
				1.0
			],
			"intrinsic" : 
			{
				"height" : 1080,
				"intrinsic_matrix" : 
				[
					935.30743608719399,
					0.0,
					0.0,
					0.0,
					935.30743608719399,
					0.0,
					959.5,
					539.5,
					1.0
				],
				"width" : 1920
			},
			"version_major" : 1,
			"version_minor" : 0
		},
		{
			"class_name" : "PinholeCameraParameters",
			"extrinsic" : 
			[
				0.95539424067597722,
				-0.04437450486759735,
				-0.29198073258509477,
				0.0,
				0.029540665351149499,
				-0.96933100788638993,
				0.24397693792768024,
				0.0,
				-0.2938523336197697,
				-0.24171946646414585,
				-0.92478240984488047,
				0.0,
				0.13469029480366307,
				0.080564032114888467,
				0.25603108952041959,
				1.0
			],
			"intrinsic" : 
			{
				"height" : 1080,
				"intrinsic_matrix" : 
				[
					935.30743608719399,
					0.0,
					0.0,
					0.0,
					935.30743608719399,
					0.0,
					959.5,
					539.5,
					1.0
				],
				"width" : 1920
			},
			"version_major" : 1,
			"version_minor" : 0
		},
		{
			"class_name" : "PinholeCameraParameters",
			"extrinsic" : 
			[
				0.95110557130820794,
				-0.050186041722959859,
				-0.30476146974752033,
				0.0,
				0.033141842828172445,
				-0.96443183879931493,
				0.26224577511206004,
				0.0,
				-0.30708274207522657,
				-0.25952377449157482,
				-0.91561323712209741,
				0.0,
				0.12791448461415764,
				0.071425182948790619,
				0.25267328320569504,
				1.0
			],
			"intrinsic" : 
			{
				"height" : 1080,
				"intrinsic_matrix" : 
				[
					935.30743608719399,
					0.0,
					0.0,
					0.0,
					935.30743608719399,
					0.0,
					959.5,
					539.5,
					1.0
				],
				"width" : 1920
			},
			"version_major" : 1,
			"version_minor" : 0
		},
		{
			"class_name" : "PinholeCameraParameters",
			"extrinsic" : 
			[
				0.9506689904822998,
				-0.050628845092115196,
				-0.30604769330939868,
				0.0,
				0.033518741560028514,
				-0.96404974480788441,
				0.26359928584896636,
				0.0,
				-0.30839092804360702,
				-0.26085400050697266,
				-0.91479518249710479,
				0.0,
				0.12723729221724453,
				0.070737096600241078,
				0.25238759972224767,
				1.0
			],
			"intrinsic" : 
			{
				"height" : 1080,
				"intrinsic_matrix" : 
				[
					935.30743608719399,
					0.0,
					0.0,
					0.0,
					935.30743608719399,
					0.0,
					959.5,
					539.5,
					1.0
				],
				"width" : 1920
			},
			"version_major" : 1,
			"version_minor" : 0
		},
		{
			"class_name" : "PinholeCameraParameters",
			"extrinsic" : 
			[
				0.94419296887008763,
				-0.056572369453844987,
				-0.32449838913416412,
				0.0,
				0.039060803909441229,
				-0.95895991144466142,
				0.28083828414230766,
				0.0,
				-0.32706863367531575,
				-0.27784070122360588,
				-0.90323344358440205,
				0.0,
				0.11747458196071614,
				0.061834792148384707,
				0.24863548890098877,
				1.0
			],
			"intrinsic" : 
			{
				"height" : 1080,
				"intrinsic_matrix" : 
				[
					935.30743608719399,
					0.0,
					0.0,
					0.0,
					935.30743608719399,
					0.0,
					959.5,
					539.5,
					1.0
				],
				"width" : 1920
			},
			"version_major" : 1,
			"version_minor" : 0
		},
		{
			"class_name" : "PinholeCameraParameters",
			"extrinsic" : 
			[
				0.93315123158378133,
				-0.065845707017301344,
				-0.35340220975690578,
				0.0,
				0.048512730804980399,
				-0.95102260527691784,
				0.30529087638209429,
				0.0,
				-0.35619558383494287,
				-0.30202706355506515,
				-0.88425356031897828,
				0.0,
				0.10184996845848526,
				0.048816304380760407,
				0.2435657616699326,
				1.0
			],
			"intrinsic" : 
			{
				"height" : 1080,
				"intrinsic_matrix" : 
				[
					935.30743608719399,
					0.0,
					0.0,
					0.0,
					935.30743608719399,
					0.0,
					959.5,
					539.5,
					1.0
				],
				"width" : 1920
			},
			"version_major" : 1,
			"version_minor" : 0
		},
		{
			"class_name" : "PinholeCameraParameters",
			"extrinsic" : 
			[
				0.93263670897050011,
				-0.065845707017301372,
				-0.3547578215460041,
				0.0,
				0.048956305234539053,
				-0.95102260527691795,
				0.30522005902313554,
				0.0,
				-0.35748013827128555,
				-0.30202706355506515,
				-0.88373503021089261,
				0.0,
				0.10114861562530067,
				0.048816304380760345,
				0.24341827048523093,
				1.0
			],
			"intrinsic" : 
			{
				"height" : 1080,
				"intrinsic_matrix" : 
				[
					935.30743608719399,
					0.0,
					0.0,
					0.0,
					935.30743608719399,
					0.0,
					959.5,
					539.5,
					1.0
				],
				"width" : 1920
			},
			"version_major" : 1,
			"version_minor" : 0
		},
		{
			"class_name" : "PinholeCameraParameters",
			"extrinsic" : 
			[
				0.93213690878576672,
				-0.065845707017301372,
				-0.35606899071206299,
				0.0,
				0.049385472394580215,
				-0.95102260527691784,
				0.30515091244934511,
				0.0,
				-0.35872253678251059,
				-0.30202706355506526,
				-0.88323145012200799,
				0.0,
				0.10046968370283363,
				0.048816304380760331,
				0.24327650759515407,
				1.0
			],
			"intrinsic" : 
			{
				"height" : 1080,
				"intrinsic_matrix" : 
				[
					935.30743608719399,
					0.0,
					0.0,
					0.0,
					935.30743608719399,
					0.0,
					959.5,
					539.5,
					1.0
				],
				"width" : 1920
			},
			"version_major" : 1,
			"version_minor" : 0
		},
		{
			"class_name" : "PinholeCameraParameters",
			"extrinsic" : 
			[
				0.93113177939778435,
				-0.065845707017301303,
				-0.35868921403201931,
				0.0,
				0.05024351288110699,
				-0.95102260527691795,
				0.30501080909644784,
				0.0,
				-0.36120520318633575,
				-0.30202706355506531,
				-0.88221905107032372,
				0.0,
				0.099111225152832508,
				0.048816304380760359,
				0.24299584675706973,
				1.0
			],
			"intrinsic" : 
			{
				"height" : 1080,
				"intrinsic_matrix" : 
				[
					935.30743608719399,
					0.0,
					0.0,
					0.0,
					935.30743608719399,
					0.0,
					959.5,
					539.5,
					1.0
				],
				"width" : 1920
			},
			"version_major" : 1,
			"version_minor" : 0
		},
		{
			"class_name" : "PinholeCameraParameters",
			"extrinsic" : 
			[
				0.92513951354704893,
				-0.065845707017301261,
				-0.37387327176641216,
				0.0,
				0.055226353356052825,
				-0.95102260527691795,
				0.30414807930890531,
				0.0,
				-0.37558877827874748,
				-0.30202706355506537,
				-0.87619217213541833,
				0.0,
				0.091194324398663013,
				0.048816304380760366,
				0.24143917211444199,
				1.0
			],
			"intrinsic" : 
			{
				"height" : 1080,
				"intrinsic_matrix" : 
				[
					935.30743608719399,
					0.0,
					0.0,
					0.0,
					935.30743608719399,
					0.0,
					959.5,
					539.5,
					1.0
				],
				"width" : 1920
			},
			"version_major" : 1,
			"version_minor" : 0
		},
		{
			"class_name" : "PinholeCameraParameters",
			"extrinsic" : 
			[
				0.91885407167638333,
				-0.065845707017301219,
				-0.38906495322905094,
				0.0,
				0.060229945278375337,
				-0.95102260527691795,
				0.30319689632987279,
				0.0,
				-0.3899737794461261,
				-0.30202706355506531,
				-0.86988510978450995,
				0.0,
				0.083196048866199621,
				0.048816304380760407,
				0.24000246266923558,
				1.0
			],
			"intrinsic" : 
			{
				"height" : 1080,
				"intrinsic_matrix" : 
				[
					935.30743608719399,
					0.0,
					0.0,
					0.0,
					935.30743608719399,
					0.0,
					959.5,
					539.5,
					1.0
				],
				"width" : 1920
			},
			"version_major" : 1,
			"version_minor" : 0
		},
		{
			"class_name" : "PinholeCameraParameters",
			"extrinsic" : 
			[
				0.91773783430714029,
				-0.065845707017301192,
				-0.39169070750865653,
				0.0,
				0.061096651501833417,
				-0.95102260527691784,
				0.30302343709285462,
				0.0,
				-0.39245950957583348,
				-0.30202706355506526,
				-0.86876647392944495,
				0.0,
				0.081805651573759977,
				0.048816304380760414,
				0.23976656163991011,
				1.0
			],
			"intrinsic" : 
			{
				"height" : 1080,
				"intrinsic_matrix" : 
				[
					935.30743608719399,
					0.0,
					0.0,
					0.0,
					935.30743608719399,
					0.0,
					959.5,
					539.5,
					1.0
				],
				"width" : 1920
			},
			"version_major" : 1,
			"version_minor" : 0
		},
		{
			"class_name" : "PinholeCameraParameters",
			"extrinsic" : 
			[
				0.90679231690924045,
				-0.067257204505988363,
				-0.41617804175185813,
				0.0,
				0.06931726807431185,
				-0.94996948392687364,
				0.30455392946803933,
				0.0,
				-0.41583988546204381,
				-0.30501548821289248,
				-0.85676294364845473,
				0.0,
				0.068597748078098722,
				0.047124380539310513,
				0.23756252945388895,
				1.0
			],
			"intrinsic" : 
			{
				"height" : 1080,
				"intrinsic_matrix" : 
				[
					935.30743608719399,
					0.0,
					0.0,
					0.0,
					935.30743608719399,
					0.0,
					959.5,
					539.5,
					1.0
				],
				"width" : 1920
			},
			"version_major" : 1,
			"version_minor" : 0
		},
		{
			"class_name" : "PinholeCameraParameters",
			"extrinsic" : 
			[
				0.89458207829065894,
				-0.0709098083318771,
				-0.44124222858142431,
				0.0,
				0.078059485376370696,
				-0.94736133024510183,
				0.31050479335914838,
				0.0,
				-0.44003366001243777,
				-0.31221516465182747,
				-0.841957284556343,
				0.0,
				0.054653941684993129,
				0.042968686799054377,
				0.23542528926644782,
				1.0
			],
			"intrinsic" : 
			{
				"height" : 1080,
				"intrinsic_matrix" : 
				[
					935.30743608719399,
					0.0,
					0.0,
					0.0,
					935.30743608719399,
					0.0,
					959.5,
					539.5,
					1.0
				],
				"width" : 1920
			},
			"version_major" : 1,
			"version_minor" : 0
		},
		{
			"class_name" : "PinholeCameraParameters",
			"extrinsic" : 
			[
				0.88877794037709701,
				-0.07169050590966343,
				-0.45269663579649233,
				0.0,
				0.082089353513788349,
				-0.94682275905260205,
				0.31110769996852683,
				0.0,
				-0.45092694612180123,
				-0.31366723498388405,
				-0.83563015440973121,
				0.0,
				0.048277628494732362,
				0.042116625445167477,
				0.23468324279380959,
				1.0
			],
			"intrinsic" : 
			{
				"height" : 1080,
				"intrinsic_matrix" : 
				[
					935.30743608719399,
					0.0,
					0.0,
					0.0,
					935.30743608719399,
					0.0,
					959.5,
					539.5,
					1.0
				],
				"width" : 1920
			},
			"version_major" : 1,
			"version_minor" : 0
		},
		{
			"class_name" : "PinholeCameraParameters",
			"extrinsic" : 
			[
				0.88749054871803768,
				-0.071690505909663443,
				-0.45521533069369829,
				0.0,
				0.082971304220741643,
				-0.94682275905260205,
				0.31087364895714104,
				0.0,
				-0.45329492453817055,
				-0.31366723498388405,
				-0.83434799519475045,
				0.0,
				0.046883686097074787,
				0.042116625445167449,
				0.23454830693307382,
				1.0
			],
			"intrinsic" : 
			{
				"height" : 1080,
				"intrinsic_matrix" : 
				[
					935.30743608719399,
					0.0,
					0.0,
					0.0,
					935.30743608719399,
					0.0,
					959.5,
					539.5,
					1.0
				],
				"width" : 1920
			},
			"version_major" : 1,
			"version_minor" : 0
		},
		{
			"class_name" : "PinholeCameraParameters",
			"extrinsic" : 
			[
				0.88062946627793071,
				-0.07249215240528617,
				-0.46822711472392947,
				0.0,
				0.087592674550173444,
				-0.94628332762612832,
				0.3112481119974369,
				0.0,
				-0.46563855777651669,
				-0.3151075240238963,
				-0.82697520024202376,
				0.0,
				0.039573485801457614,
				0.041263331494683197,
				0.23383363728445158,
				1.0
			],
			"intrinsic" : 
			{
				"height" : 1080,
				"intrinsic_matrix" : 
				[
					935.30743608719399,
					0.0,
					0.0,
					0.0,
					935.30743608719399,
					0.0,
					959.5,
					539.5,
					1.0
				],
				"width" : 1920
			},
			"version_major" : 1,
			"version_minor" : 0
		},
		{
			"class_name" : "PinholeCameraParameters",
			"extrinsic" : 
			[
				0.86213266865425131,
				-0.075033583842313303,
				-0.50109602167137335,
				0.0,
				0.099474910006996126,
				-0.94466226509802298,
				0.31259869989968392,
				0.0,
				-0.49682190362160861,
				-0.31934803302298759,
				-0.80696024058571181,
				0.0,
				0.020761426432703151,
				0.038697305862353981,
				0.23247437361151202,
				1.0
			],
			"intrinsic" : 
			{
				"height" : 1080,
				"intrinsic_matrix" : 
				[
					935.30743608719399,
					0.0,
					0.0,
					0.0,
					935.30743608719399,
					0.0,
					959.5,
					539.5,
					1.0
				],
				"width" : 1920
			},
			"version_major" : 1,
			"version_minor" : 0
		},
		{
			"class_name" : "PinholeCameraParameters",
			"extrinsic" : 
			[
				0.84320450995384921,
				-0.07592634773120073,
				-0.53220423158190877,
				0.0,
				0.11089079845683986,
				-0.94412150807538464,
				0.31038332559444304,
				0.0,
				-0.52603173403426318,
				-0.32073317213793506,
				-0.78766798022976914,
				0.0,
				0.0026656887743189001,
				0.037840574806613042,
				0.23197884139446123,
				1.0
			],
			"intrinsic" : 
			{
				"height" : 1080,
				"intrinsic_matrix" : 
				[
					935.30743608719399,
					0.0,
					0.0,
					0.0,
					935.30743608719399,
					0.0,
					959.5,
					539.5,
					1.0
				],
				"width" : 1920
			},
			"version_major" : 1,
			"version_minor" : 0
		},
		{
			"class_name" : "PinholeCameraParameters",
			"extrinsic" : 
			[
				0.81875674717354019,
				-0.075926347731200911,
				-0.56909803960126637,
				0.0,
				0.12455514494225003,
				-0.94412150807538464,
				0.30515667100339888,
				0.0,
				-0.56046713090619238,
				-0.32073317213793506,
				-0.76354883764178372,
				0.0,
				-0.019266004662341893,
				0.03784057480661298,
				0.23234735110839527,
				1.0
			],
			"intrinsic" : 
			{
				"height" : 1080,
				"intrinsic_matrix" : 
				[
					935.30743608719399,
					0.0,
					0.0,
					0.0,
					935.30743608719399,
					0.0,
					959.5,
					539.5,
					1.0
				],
				"width" : 1920
			},
			"version_major" : 1,
			"version_minor" : 0
		},
		{
			"class_name" : "PinholeCameraParameters",
			"extrinsic" : 
			[
				0.79697136826649029,
				-0.075926347731201091,
				-0.59922602403737379,
				0.0,
				0.13584492894413897,
				-0.94412150807538464,
				0.30030107104308407,
				0.0,
				-0.58854294103625138,
				-0.32073317213793517,
				-0.74212360078812845,
				0.0,
				-0.037661534505036634,
				0.037840574806612966,
				0.23340886139445827,
				1.0
			],
			"intrinsic" : 
			{
				"height" : 1080,
				"intrinsic_matrix" : 
				[
					935.30743608719399,
					0.0,
					0.0,
					0.0,
					935.30743608719399,
					0.0,
					959.5,
					539.5,
					1.0
				],
				"width" : 1920
			},
			"version_major" : 1,
			"version_minor" : 0
		},
		{
			"class_name" : "PinholeCameraParameters",
			"extrinsic" : 
			[
				0.75340915435463762,
				-0.075926347731200938,
				-0.65315376126516389,
				0.0,
				0.15638243860111978,
				-0.94412150807538464,
				0.29013636601885767,
				0.0,
				-0.63868550870659102,
				-0.32073317213793512,
				-0.69943623959481882,
				0.0,
				-0.071807197010439069,
				0.037840574806612987,
				0.23721657240584629,
				1.0
			],
			"intrinsic" : 
			{
				"height" : 1080,
				"intrinsic_matrix" : 
				[
					935.30743608719399,
					0.0,
					0.0,
					0.0,
					935.30743608719399,
					0.0,
					959.5,
					539.5,
					1.0
				],
				"width" : 1920
			},
			"version_major" : 1,
			"version_minor" : 0
		},
		{
			"class_name" : "PinholeCameraParameters",
			"extrinsic" : 
			[
				0.73562776687408415,
				-0.075926347731200897,
				-0.67311735850745147,
				0.0,
				0.16410457875365764,
				-0.94412150807538464,
				0.28583957952240652,
				0.0,
				-0.65720733093593287,
				-0.32073317213793517,
				-0.68206213533255533,
				0.0,
				-0.084889165453680596,
				0.037840574806613,
				0.23931740887602859,
				1.0
			],
			"intrinsic" : 
			{
				"height" : 1080,
				"intrinsic_matrix" : 
				[
					935.30743608719399,
					0.0,
					0.0,
					0.0,
					935.30743608719399,
					0.0,
					959.5,
					539.5,
					1.0
				],
				"width" : 1920
			},
			"version_major" : 1,
			"version_minor" : 0
		},
		{
			"class_name" : "PinholeCameraParameters",
			"extrinsic" : 
			[
				0.73466466791464935,
				-0.07592634773120098,
				-0.67416838804415835,
				0.0,
				0.16451307217291652,
				-0.94412150807538464,
				0.28560466920848876,
				0.0,
				-0.65818179464498028,
				-0.32073317213793506,
				-0.68112183747715127,
				0.0,
				-0.085585087412615918,
				0.037840574806613014,
				0.23943927135098325,
				1.0
			],
			"intrinsic" : 
			{
				"height" : 1080,
				"intrinsic_matrix" : 
				[
					935.30743608719399,
					0.0,
					0.0,
					0.0,
					935.30743608719399,
					0.0,
					959.5,
					539.5,
					1.0
				],
				"width" : 1920
			},
			"version_major" : 1,
			"version_minor" : 0
		},
		{
			"class_name" : "PinholeCameraParameters",
			"extrinsic" : 
			[
				0.7128550283318178,
				-0.075926347731200952,
				-0.69718928441438643,
				0.0,
				0.17351190949676662,
				-0.94412150807538464,
				0.28022882659042686,
				0.0,
				-0.67950814994731978,
				-0.32073317213793529,
				-0.65984763881180064,
				0.0,
				-0.10101866613486429,
				0.037840574806612938,
				0.24240695854988742,
				1.0
			],
			"intrinsic" : 
			{
				"height" : 1080,
				"intrinsic_matrix" : 
				[
					935.30743608719399,
					0.0,
					0.0,
					0.0,
					935.30743608719399,
					0.0,
					959.5,
					539.5,
					1.0
				],
				"width" : 1920
			},
			"version_major" : 1,
			"version_minor" : 0
		},
		{
			"class_name" : "PinholeCameraParameters",
			"extrinsic" : 
			[
				0.68417804595351295,
				-0.075926347731200897,
				-0.72535204635779005,
				0.0,
				0.18466460679722443,
				-0.94412150807538464,
				0.27300835332620899,
				0.0,
				-0.70554899506105129,
				-0.32073317213793534,
				-0.63192629938836886,
				0.0,
				-0.12043193635202645,
				0.037840574806612938,
				0.24687117683852886,
				1.0
			],
			"intrinsic" : 
			{
				"height" : 1080,
				"intrinsic_matrix" : 
				[
					935.30743608719399,
					0.0,
					0.0,
					0.0,
					935.30743608719399,
					0.0,
					959.5,
					539.5,
					1.0
				],
				"width" : 1920
			},
			"version_major" : 1,
			"version_minor" : 0
		},
		{
			"class_name" : "PinholeCameraParameters",
			"extrinsic" : 
			[
				0.6644133778320277,
				-0.073668960262045169,
				-0.74372558625594198,
				0.0,
				0.19190619775652246,
				-0.94494703371211441,
				0.26504172264251258,
				0.0,
				-0.72230663476149082,
				-0.31882281563994957,
				-0.61369792048445548,
				0.0,
				-0.13328072641979638,
				0.039306434456927913,
				0.25040305478673874,
				1.0
			],
			"intrinsic" : 
			{
				"height" : 1080,
				"intrinsic_matrix" : 
				[
					935.30743608719399,
					0.0,
					0.0,
					0.0,
					935.30743608719399,
					0.0,
					959.5,
					539.5,
					1.0
				],
				"width" : 1920
			},
			"version_major" : 1,
			"version_minor" : 0
		},
		{
			"class_name" : "PinholeCameraParameters",
			"extrinsic" : 
			[
				0.63870045380636675,
				-0.069927189442346799,
				-0.76627143916776341,
				0.0,
				0.20075075459336794,
				-0.9462274205511314,
				0.2536785428989724,
				0.0,
				-0.74280607485247085,
				-0.31585417010678607,
				-0.59031794686289096,
				0.0,
				-0.14939861331062759,
				0.041645233806798264,
				0.25541699096698572,
				1.0
			],
			"intrinsic" : 
			{
				"height" : 1080,
				"intrinsic_matrix" : 
				[
					935.30743608719399,
					0.0,
					0.0,
					0.0,
					935.30743608719399,
					0.0,
					959.5,
					539.5,
					1.0
				],
				"width" : 1920
			},
			"version_major" : 1,
			"version_minor" : 0
		},
		{
			"class_name" : "PinholeCameraParameters",
			"extrinsic" : 
			[
				0.62747981872082992,
				-0.067405318122546062,
				-0.77570973964935674,
				0.0,
				0.20441423029114669,
				-0.94704080999147733,
				0.24764597041980069,
				0.0,
				-0.75132143557371811,
				-0.31395895798572959,
				-0.58047038955312991,
				0.0,
				-0.15623349651130117,
				0.043172505198695657,
				0.25777938300725084,
				1.0
			],
			"intrinsic" : 
			{
				"height" : 1080,
				"intrinsic_matrix" : 
				[
					935.30743608719399,
					0.0,
					0.0,
					0.0,
					935.30743608719399,
					0.0,
					959.5,
					539.5,
					1.0
				],
				"width" : 1920
			},
			"version_major" : 1,
			"version_minor" : 0
		},
		{
			"class_name" : "PinholeCameraParameters",
			"extrinsic" : 
			[
				0.59888371448308964,
				-0.062018846782427771,
				-0.79843093575506896,
				0.0,
				0.21315496749146967,
				-0.94868794202629758,
				0.23357257648880533,
				0.0,
				-0.77194770312544347,
				-0.31007233236405674,
				-0.55493413333626029,
				0.0,
				-0.17313589307656446,
				0.046356955696513109,
				0.26406914457790648,
				1.0
			],
			"intrinsic" : 
			{
				"height" : 1080,
				"intrinsic_matrix" : 
				[
					935.30743608719399,
					0.0,
					0.0,
					0.0,
					935.30743608719399,
					0.0,
					959.5,
					539.5,
					1.0
				],
				"width" : 1920
			},
			"version_major" : 1,
			"version_minor" : 0
		},
		{
			"class_name" : "PinholeCameraParameters",
			"extrinsic" : 
			[
				0.56717659276263044,
				-0.059393735306040883,
				-0.82145182258521365,
				0.0,
				0.22204843928139931,
				-0.94943525859009725,
				0.22196211469223739,
				0.0,
				-0.79309848268349881,
				-0.30829381108343901,
				-0.52530916878803946,
				0.0,
				-0.19108042698634398,
				0.047854998453047207,
				0.27135136944566696,
				1.0
			],
			"intrinsic" : 
			{
				"height" : 1080,
				"intrinsic_matrix" : 
				[
					935.30743608719399,
					0.0,
					0.0,
					0.0,
					935.30743608719399,
					0.0,
					959.5,
					539.5,
					1.0
				],
				"width" : 1920
			},
			"version_major" : 1,
			"version_minor" : 0
		},
		{
			"class_name" : "PinholeCameraParameters",
			"extrinsic" : 
			[
				0.51707225646568777,
				-0.056249128796302547,
				-0.85409151564872665,
				0.0,
				0.23481204323761901,
				-0.95023460912084934,
				0.20473761740218011,
				0.0,
				-0.82310363013660481,
				-0.30641511571494628,
				-0.47813198064691248,
				0.0,
				-0.21790915440316516,
				0.04953680151865885,
				0.28376423477716306,
				1.0
			],
			"intrinsic" : 
			{
				"height" : 1080,
				"intrinsic_matrix" : 
				[
					935.30743608719399,
					0.0,
					0.0,
					0.0,
					935.30743608719399,
					0.0,
					959.5,
					539.5,
					1.0
				],
				"width" : 1920
			},
			"version_major" : 1,
			"version_minor" : 0
		},
		{
			"class_name" : "PinholeCameraParameters",
			"extrinsic" : 
			[
				0.50749166621836139,
				-0.056249128796302533,
				-0.85981872754003696,
				0.0,
				0.23708622425284495,
				-0.95023460912084934,
				0.2020997523464011,
				0.0,
				-0.82839744747822663,
				-0.30641511571494628,
				-0.46890025151726572,
				0.0,
				-0.22284109397934979,
				0.04953680151865883,
				0.2862279854595231,
				1.0
			],
			"intrinsic" : 
			{
				"height" : 1080,
				"intrinsic_matrix" : 
				[
					935.30743608719399,
					0.0,
					0.0,
					0.0,
					935.30743608719399,
					0.0,
					959.5,
					539.5,
					1.0
				],
				"width" : 1920
			},
			"version_major" : 1,
			"version_minor" : 0
		},
		{
			"class_name" : "PinholeCameraParameters",
			"extrinsic" : 
			[
				0.50749166621836139,
				-0.056249128796302533,
				-0.85981872754003696,
				0.0,
				0.23708622425284495,
				-0.95023460912084934,
				0.2020997523464011,
				0.0,
				-0.82839744747822663,
				-0.30641511571494628,
				-0.46890025151726572,
				0.0,
				-0.22284109397934979,
				0.04953680151865883,
				0.2862279854595231,
				1.0
			],
			"intrinsic" : 
			{
				"height" : 1080,
				"intrinsic_matrix" : 
				[
					935.30743608719399,
					0.0,
					0.0,
					0.0,
					935.30743608719399,
					0.0,
					959.5,
					539.5,
					1.0
				],
				"width" : 1920
			},
			"version_major" : 1,
			"version_minor" : 0
		},
		{
			"class_name" : "PinholeCameraParameters",
			"extrinsic" : 
			[
				0.50749166621836139,
				-0.056249128796302533,
				-0.85981872754003696,
				0.0,
				0.23708622425284495,
				-0.95023460912084934,
				0.2020997523464011,
				0.0,
				-0.82839744747822663,
				-0.30641511571494628,
				-0.46890025151726572,
				0.0,
				-0.22284109397934979,
				0.04953680151865883,
				0.2862279854595231,
				1.0
			],
			"intrinsic" : 
			{
				"height" : 1080,
				"intrinsic_matrix" : 
				[
					935.30743608719399,
					0.0,
					0.0,
					0.0,
					935.30743608719399,
					0.0,
					959.5,
					539.5,
					1.0
				],
				"width" : 1920
			},
			"version_major" : 1,
			"version_minor" : 0
		},
		{
			"class_name" : "PinholeCameraParameters",
			"extrinsic" : 
			[
				0.50749166621836139,
				-0.056249128796302533,
				-0.85981872754003696,
				0.0,
				0.23708622425284495,
				-0.95023460912084934,
				0.2020997523464011,
				0.0,
