{
	"class_name" : "PinholeCameraTrajectory",
	"parameters" : 
	[
		{
			"class_name" : "PinholeCameraParameters",
			"extrinsic" : 
			[
				1.0,
				-0.0,
				-0.0,
				0.0,
				0.0,
				-1.0,
				-0.0,
				0.0,
				0.0,
				-0.0,
				-1.0,
				0.0,
				0.038608804349976156,
				0.10932064141614181,
				0.37246232232294402,
				1.0
			],
			"intrinsic" : 
			{
				"height" : 989,
				"intrinsic_matrix" : 
				[
					856.49912434281009,
					0.0,
					0.0,
					0.0,
					856.49912434281009,
					0.0,
					959.5,
					494.0,
					1.0
				],
				"width" : 1920
			},
			"version_major" : 1,
			"version_minor" : 0
		},
		{
			"class_name" : "PinholeCameraParameters",
			"extrinsic" : 
			[
				1.0,
				-0.0,
				-0.0,
				0.0,
				0.0,
				-1.0,
				-0.0,
				0.0,
				0.0,
				-0.0,
				-1.0,
				0.0,
				0.038608804349976156,
				0.10932064141614181,
				0.37246232232294402,
				1.0
			],
			"intrinsic" : 
			{
				"height" : 989,
				"intrinsic_matrix" : 
				[
					856.49912434281009,
					0.0,
					0.0,
					0.0,
					856.49912434281009,
					0.0,
					959.5,
					494.0,
					1.0
				],
				"width" : 1920
			},
			"version_major" : 1,
			"version_minor" : 0
		},
		{
			"class_name" : "PinholeCameraParameters",
			"extrinsic" : 
			[
				1.0,
				-0.0,
				-0.0,
				0.0,
				0.0,
				-1.0,
				-0.0,
				0.0,
				0.0,
				-0.0,
				-1.0,
				0.0,
				0.038608804349976156,
				0.10932064141614181,
				0.37246232232294402,
				1.0
			],
			"intrinsic" : 
			{
				"height" : 989,
				"intrinsic_matrix" : 
				[
					856.49912434281009,
					0.0,
					0.0,
					0.0,
					856.49912434281009,
					0.0,
					959.5,
					494.0,
					1.0
				],
				"width" : 1920
			},
			"version_major" : 1,
			"version_minor" : 0
		},
		{
			"class_name" : "PinholeCameraParameters",
			"extrinsic" : 
			[
				1.0,
				-0.0,
				-0.0,
				0.0,
				0.0,
				-1.0,
				-0.0,
				0.0,
				0.0,
				-0.0,
				-1.0,
				0.0,
				0.038608804349976156,
				0.10932064141614181,
				0.37246232232294402,
				1.0
			],
			"intrinsic" : 
			{
				"height" : 989,
				"intrinsic_matrix" : 
				[
					856.49912434281009,
					0.0,
					0.0,
					0.0,
					856.49912434281009,
					0.0,
					959.5,
					494.0,
					1.0
				],
				"width" : 1920
			},
			"version_major" : 1,
			"version_minor" : 0
		},
		{
			"class_name" : "PinholeCameraParameters",
			"extrinsic" : 
			[
				1.0,
				-0.0,
				-0.0,
				0.0,
				0.0,
				-1.0,
				-0.0,
				0.0,
				0.0,
				-0.0,
				-1.0,
				0.0,
				0.038608804349976156,
				0.10932064141614181,
				0.37246232232294402,
				1.0
			],
			"intrinsic" : 
			{
				"height" : 989,
				"intrinsic_matrix" : 
				[
					856.49912434281009,
					0.0,
					0.0,
					0.0,
					856.49912434281009,
					0.0,
					959.5,
					494.0,
					1.0
				],
				"width" : 1920
			},
			"version_major" : 1,
			"version_minor" : 0
		},
		{
			"class_name" : "PinholeCameraParameters",
			"extrinsic" : 
			[
				1.0,
				-0.0,
				-0.0,
				0.0,
				0.0,
				-1.0,
				-0.0,
				0.0,
				0.0,
				-0.0,
				-1.0,
				0.0,
				0.038608804349976156,
				0.10932064141614181,
				0.37246232232294402,
				1.0
			],
			"intrinsic" : 
			{
				"height" : 989,
				"intrinsic_matrix" : 
				[
					856.49912434281009,
					0.0,
					0.0,
					0.0,
					856.49912434281009,
					0.0,
					959.5,
					494.0,
					1.0
				],
				"width" : 1920
			},
			"version_major" : 1,
			"version_minor" : 0
		},
		{
			"class_name" : "PinholeCameraParameters",
			"extrinsic" : 
			[
				1.0,
				-0.0,
				-0.0,
				0.0,
				0.0,
				-1.0,
				-0.0,
				0.0,
				0.0,
				-0.0,
				-1.0,
				0.0,
				0.038608804349976156,
				0.10932064141614181,
				0.37246232232294402,
				1.0
			],
			"intrinsic" : 
			{
				"height" : 989,
				"intrinsic_matrix" : 
				[
					856.49912434281009,
					0.0,
					0.0,
					0.0,
					856.49912434281009,
					0.0,
					959.5,
					494.0,
					1.0
				],
				"width" : 1920
			},
			"version_major" : 1,
			"version_minor" : 0
		},
		{
			"class_name" : "PinholeCameraParameters",
			"extrinsic" : 
			[
				1.0,
				-0.0,
				-0.0,
				0.0,
				0.0,
				-1.0,
				-0.0,
				0.0,
				0.0,
				-0.0,
				-1.0,
				0.0,
				0.038608804349976156,
				0.10932064141614181,
				0.37246232232294402,
				1.0
			],
			"intrinsic" : 
			{
				"height" : 989,
				"intrinsic_matrix" : 
				[
					856.49912434281009,
					0.0,
					0.0,
					0.0,
					856.49912434281009,
					0.0,
					959.5,
					494.0,
					1.0
				],
				"width" : 1920
			},
			"version_major" : 1,
			"version_minor" : 0
		},
		{
			"class_name" : "PinholeCameraParameters",
			"extrinsic" : 
			[
				1.0,
				-0.0,
				-0.0,
				0.0,
				0.0,
				-1.0,
				-0.0,
				0.0,
				0.0,
				-0.0,
				-1.0,
				0.0,
				0.038608804349976156,
				0.10932064141614181,
				0.37246232232294402,
				1.0
			],
			"intrinsic" : 
			{
				"height" : 989,
				"intrinsic_matrix" : 
				[
					856.49912434281009,
					0.0,
					0.0,
					0.0,
					856.49912434281009,
					0.0,
					959.5,
					494.0,
					1.0
				],
				"width" : 1920
			},
			"version_major" : 1,
			"version_minor" : 0
		},
		{
			"class_name" : "PinholeCameraParameters",
			"extrinsic" : 
			[
				1.0,
				-0.0,
				-0.0,
				0.0,
				0.0,
				-1.0,
				-0.0,
				0.0,
				0.0,
				-0.0,
				-1.0,
				0.0,
				0.038608804349976156,
				0.10932064141614181,
				0.37246232232294402,
				1.0
			],
			"intrinsic" : 
			{
				"height" : 989,
				"intrinsic_matrix" : 
				[
					856.49912434281009,
					0.0,
					0.0,
					0.0,
					856.49912434281009,
					0.0,
					959.5,
					494.0,
					1.0
				],
				"width" : 1920
			},
			"version_major" : 1,
			"version_minor" : 0
		},
		{
			"class_name" : "PinholeCameraParameters",
			"extrinsic" : 
			[
				1.0,
				-0.0,
				-0.0,
				0.0,
				0.0,
				-1.0,
				-0.0,
				0.0,
				0.0,
				-0.0,
				-1.0,
				0.0,
				0.038608804349976156,
				0.10932064141614181,
				0.37246232232294402,
				1.0
			],
			"intrinsic" : 
			{
				"height" : 989,
				"intrinsic_matrix" : 
				[
					856.49912434281009,
					0.0,
					0.0,
					0.0,
					856.49912434281009,
					0.0,
					959.5,
					494.0,
					1.0
				],
				"width" : 1920
			},
			"version_major" : 1,
			"version_minor" : 0
		},
		{
			"class_name" : "PinholeCameraParameters",
			"extrinsic" : 
			[
				1.0,
				-0.0,
				-0.0,
				0.0,
				0.0,
				-1.0,
				-0.0,
				0.0,
				0.0,
				-0.0,
				-1.0,
				0.0,
				0.038608804349976156,
				0.10932064141614181,
				0.34440875801326903,
				1.0
			],
			"intrinsic" : 
			{
				"height" : 989,
				"intrinsic_matrix" : 
				[
					856.49912434281009,
					0.0,
					0.0,
					0.0,
					856.49912434281009,
					0.0,
					959.5,
					494.0,
					1.0
				],
				"width" : 1920
			},
			"version_major" : 1,
			"version_minor" : 0
		},
		{
			"class_name" : "PinholeCameraParameters",
			"extrinsic" : 
			[
				1.0,
				-0.0,
				-0.0,
				0.0,
				0.0,
				-1.0,
				-0.0,
				0.0,
				0.0,
				-0.0,
				-1.0,
				0.0,
				0.038608804349976156,
				0.10932064141614181,
				0.34440875801326903,
				1.0
			],
			"intrinsic" : 
			{
				"height" : 989,
				"intrinsic_matrix" : 
				[
					856.49912434281009,
					0.0,
					0.0,
					0.0,
					856.49912434281009,
					0.0,
					959.5,
					494.0,
					1.0
				],
				"width" : 1920
			},
			"version_major" : 1,
			"version_minor" : 0
		},
		{
			"class_name" : "PinholeCameraParameters",
			"extrinsic" : 
			[
				1.0,
				-0.0,
				-0.0,
				0.0,
				0.0,
				-1.0,
				-0.0,
				0.0,
				0.0,
				-0.0,
				-1.0,
				0.0,
				0.038608804349976156,
				0.10932064141614181,
				0.34440875801326903,
				1.0
			],
			"intrinsic" : 
			{
				"height" : 989,
				"intrinsic_matrix" : 
				[
					856.49912434281009,
					0.0,
					0.0,
					0.0,
					856.49912434281009,
					0.0,
					959.5,
					494.0,
					1.0
				],
				"width" : 1920
			},
			"version_major" : 1,
			"version_minor" : 0
		},
		{
			"class_name" : "PinholeCameraParameters",
			"extrinsic" : 
			[
				1.0,
				-0.0,
				-0.0,
				0.0,
				0.0,
				-1.0,
				-0.0,
				0.0,
				0.0,
				-0.0,
				-1.0,
				0.0,
				0.038608804349976156,
				0.10932064141614181,
				0.34440875801326903,
				1.0
			],
			"intrinsic" : 
			{
				"height" : 989,
				"intrinsic_matrix" : 
				[
					856.49912434281009,
					0.0,
					0.0,
					0.0,
					856.49912434281009,
					0.0,
					959.5,
					494.0,
					1.0
				],
				"width" : 1920
			},
			"version_major" : 1,
			"version_minor" : 0
		},
		{
			"class_name" : "PinholeCameraParameters",
			"extrinsic" : 
			[
				1.0,
				-0.0,
				-0.0,
				0.0,
				0.0,
				-1.0,
				-0.0,
				0.0,
				0.0,
				-0.0,
				-1.0,
				0.0,
				0.038608804349976156,
				0.10932064141614181,
				0.34440875801326903,
				1.0
			],
			"intrinsic" : 
			{
				"height" : 989,
				"intrinsic_matrix" : 
				[
					856.49912434281009,
					0.0,
					0.0,
					0.0,
					856.49912434281009,
					0.0,
					959.5,
					494.0,
					1.0
				],
				"width" : 1920
			},
			"version_major" : 1,
			"version_minor" : 0
		},
		{
			"class_name" : "PinholeCameraParameters",
			"extrinsic" : 
			[
				1.0,
				-0.0,
				-0.0,
				0.0,
				0.0,
				-1.0,
				-0.0,
				0.0,
				0.0,
				-0.0,
				-1.0,
				0.0,
				0.038608804349976156,
				0.10932064141614181,
				0.34440875801326903,
				1.0
			],
			"intrinsic" : 
			{
				"height" : 989,
				"intrinsic_matrix" : 
				[
					856.49912434281009,
					0.0,
					0.0,
					0.0,
					856.49912434281009,
					0.0,
					959.5,
					494.0,
					1.0
				],
				"width" : 1920
			},
			"version_major" : 1,
			"version_minor" : 0
		},
		{
			"class_name" : "PinholeCameraParameters",
			"extrinsic" : 
			[
				1.0,
				-0.0,
				-0.0,
				0.0,
				0.0,
				-1.0,
				-0.0,
				0.0,
				0.0,
				-0.0,
				-1.0,
				0.0,
				0.038608804349976156,
				0.10932064141614181,
				0.31635519370359416,
				1.0
			],
			"intrinsic" : 
			{
				"height" : 989,
				"intrinsic_matrix" : 
				[
					856.49912434281009,
					0.0,
					0.0,
					0.0,
					856.49912434281009,
					0.0,
					959.5,
					494.0,
					1.0
				],
				"width" : 1920
			},
			"version_major" : 1,
			"version_minor" : 0
		},
		{
			"class_name" : "PinholeCameraParameters",
			"extrinsic" : 
			[
				1.0,
				-0.0,
				-0.0,
				0.0,
				0.0,
				-1.0,
				-0.0,
				0.0,
				0.0,
				-0.0,
				-1.0,
				0.0,
				0.038608804349976156,
				0.10932064141614181,
				0.28830162939391918,
				1.0
			],
			"intrinsic" : 
			{
				"height" : 989,
				"intrinsic_matrix" : 
				[
					856.49912434281009,
					0.0,
					0.0,
					0.0,
					856.49912434281009,
					0.0,
					959.5,
					494.0,
					1.0
				],
				"width" : 1920
			},
			"version_major" : 1,
			"version_minor" : 0
		},
		{
			"class_name" : "PinholeCameraParameters",
			"extrinsic" : 
			[
				1.0,
				-0.0,
				-0.0,
				0.0,
				0.0,
				-1.0,
				-0.0,
				0.0,
				0.0,
				-0.0,
				-1.0,
				0.0,
				0.038608804349976156,
				0.10932064141614181,
				0.28830162939391918,
				1.0
			],
			"intrinsic" : 
			{
				"height" : 989,
				"intrinsic_matrix" : 
				[
					856.49912434281009,
					0.0,
					0.0,
					0.0,
					856.49912434281009,
					0.0,
					959.5,
					494.0,
					1.0
				],
				"width" : 1920
			},
			"version_major" : 1,
			"version_minor" : 0
		},
		{
			"class_name" : "PinholeCameraParameters",
			"extrinsic" : 
			[
				1.0,
				-0.0,
				-0.0,
				0.0,
				0.0,
				-1.0,
				-0.0,
				0.0,
				0.0,
				-0.0,
				-1.0,
				0.0,
				0.038608804349976156,
				0.10932064141614181,
				0.28830162939391918,
				1.0
			],
			"intrinsic" : 
			{
				"height" : 989,
				"intrinsic_matrix" : 
				[
					856.49912434281009,
					0.0,
					0.0,
					0.0,
					856.49912434281009,
					0.0,
					959.5,
					494.0,
					1.0
				],
				"width" : 1920
			},
			"version_major" : 1,
			"version_minor" : 0
		},
		{
			"class_name" : "PinholeCameraParameters",
			"extrinsic" : 
			[
				1.0,
				-0.0,
				-0.0,
				0.0,
				0.0,
				-1.0,
				-0.0,
				0.0,
				0.0,
				-0.0,
				-1.0,
				0.0,
				0.038608804349976156,
				0.10932064141614181,
				0.078978880314036992,
				1.0
			],
			"intrinsic" : 
			{
				"height" : 989,
				"intrinsic_matrix" : 
				[
					856.49912434281009,
					0.0,
					0.0,
					0.0,
					856.49912434281009,
					0.0,
					959.5,
					494.0,
					1.0
				],
				"width" : 1920
			},
			"version_major" : 1,
			"version_minor" : 0
		},
		{
			"class_name" : "PinholeCameraParameters",
			"extrinsic" : 
			[
				1.0,
				-0.0,
				-0.0,
				0.0,
				0.0,
				-1.0,
				-0.0,
				0.0,
				0.0,
				-0.0,
				-1.0,
				0.0,
				0.038608804349976156,
				0.10932064141614181,
				0.078978880314036992,
				1.0
			],
			"intrinsic" : 
			{
				"height" : 989,
				"intrinsic_matrix" : 
				[
					856.49912434281009,
					0.0,
					0.0,
					0.0,
					856.49912434281009,
					0.0,
					959.5,
					494.0,
					1.0
				],
				"width" : 1920
			},
			"version_major" : 1,
			"version_minor" : 0
		},
		{
			"class_name" : "PinholeCameraParameters",
			"extrinsic" : 
			[
				1.0,
				-0.0,
				-0.0,
				0.0,
				0.0,
				-1.0,
				-0.0,
				0.0,
				0.0,
				-0.0,
				-1.0,
				0.0,
				0.038608804349976156,
				0.10932064141614181,
				0.078978880314036992,
				1.0
			],
			"intrinsic" : 
			{
				"height" : 989,
				"intrinsic_matrix" : 
				[
					856.49912434281009,
					0.0,
					0.0,
					0.0,
					856.49912434281009,
					0.0,
					959.5,
					494.0,
					1.0
				],
				"width" : 1920
			},
			"version_major" : 1,
			"version_minor" : 0
		},
		{
			"class_name" : "PinholeCameraParameters",
			"extrinsic" : 
			[
				1.0,
				-0.0,
				-0.0,
				0.0,
				0.0,
				-1.0,
				-0.0,
				0.0,
				0.0,
				-0.0,
				-1.0,
				0.0,
				0.038608804349976156,
				0.10932064141614181,
				0.050925316004362009,
				1.0
			],
			"intrinsic" : 
			{
				"height" : 989,
				"intrinsic_matrix" : 
				[
					856.49912434281009,
					0.0,
					0.0,
					0.0,
					856.49912434281009,
					0.0,
					959.5,
					494.0,
					1.0
				],
				"width" : 1920
			},
			"version_major" : 1,
			"version_minor" : 0
		},
		{
			"class_name" : "PinholeCameraParameters",
			"extrinsic" : 
			[
				1.0,
				-0.0,
				-0.0,
				0.0,
				0.0,
				-1.0,
				-0.0,
				0.0,
				0.0,
				-0.0,
				-1.0,
				0.0,
				0.038608804349976156,
				0.10932064141614181,
				0.050925316004362009,
				1.0
			],
			"intrinsic" : 
			{
				"height" : 989,
				"intrinsic_matrix" : 
				[
					856.49912434281009,
					0.0,
					0.0,
					0.0,
					856.49912434281009,
					0.0,
					959.5,
					494.0,
					1.0
				],
				"width" : 1920
			},
			"version_major" : 1,
			"version_minor" : 0
		},
		{
			"class_name" : "PinholeCameraParameters",
			"extrinsic" : 
			[
				1.0,
				-0.0,
				-0.0,
				0.0,
				0.0,
				-1.0,
				-0.0,
				0.0,
				0.0,
				-0.0,
				-1.0,
				0.0,
				0.038608804349976156,
				0.10932064141614181,
				0.050925316004362009,
				1.0
			],
			"intrinsic" : 
			{
				"height" : 989,
				"intrinsic_matrix" : 
				[
					856.49912434281009,
					0.0,
					0.0,
					0.0,
					856.49912434281009,
					0.0,
					959.5,
					494.0,
					1.0
				],
				"width" : 1920
			},
			"version_major" : 1,
			"version_minor" : 0
		},
		{
			"class_name" : "PinholeCameraParameters",
			"extrinsic" : 
			[
				1.0,
				-0.0,
				-0.0,
				0.0,
				0.0,
				-1.0,
				-0.0,
				0.0,
				0.0,
				-0.0,
				-1.0,
				0.0,
				0.038608804349976156,
				0.10932064141614181,
				0.050925316004362009,
				1.0
			],
			"intrinsic" : 
			{
				"height" : 989,
				"intrinsic_matrix" : 
				[
					856.49912434281009,
					0.0,
					0.0,
					0.0,
					856.49912434281009,
					0.0,
					959.5,
					494.0,
					1.0
				],
				"width" : 1920
			},
			"version_major" : 1,
			"version_minor" : 0
		},
		{
			"class_name" : "PinholeCameraParameters",
			"extrinsic" : 
			[
				1.0,
				-0.0,
				-0.0,
				0.0,
				0.0,
				-1.0,
				-0.0,
				0.0,
				0.0,
				-0.0,
				-1.0,
				0.0,
				0.038608804349976156,
				0.10932064141614181,
				0.050925316004362009,
				1.0
			],
			"intrinsic" : 
			{
				"height" : 989,
				"intrinsic_matrix" : 
				[
					856.49912434281009,
					0.0,
					0.0,
					0.0,
					856.49912434281009,
					0.0,
					959.5,
					494.0,
					1.0
				],
				"width" : 1920
			},
			"version_major" : 1,
			"version_minor" : 0
		},
		{
			"class_name" : "PinholeCameraParameters",
			"extrinsic" : 
			[
				1.0,
				-0.0,
				-0.0,
				0.0,
				0.0,
				-1.0,
				-0.0,
				0.0,
				0.0,
				-0.0,
				-1.0,
				0.0,
				0.038608804349976156,
				0.10932064141614181,
				0.050925316004362009,
				1.0
			],
			"intrinsic" : 
			{
				"height" : 989,
				"intrinsic_matrix" : 
				[
					856.49912434281009,
					0.0,
					0.0,
					0.0,
					856.49912434281009,
					0.0,
					959.5,
					494.0,
					1.0
				],
				"width" : 1920
			},
			"version_major" : 1,
			"version_minor" : 0
		},
		{
			"class_name" : "PinholeCameraParameters",
			"extrinsic" : 
			[
				1.0,
				-0.0,
				-0.0,
				0.0,
				0.0,
				-1.0,
				-0.0,
				0.0,
				0.0,
				-0.0,
				-1.0,
				0.0,
				0.038608804349976156,
				0.10932064141614181,
				0.050925316004362009,
				1.0
			],
			"intrinsic" : 
			{
				"height" : 989,
				"intrinsic_matrix" : 
				[
					856.49912434281009,
					0.0,
					0.0,
					0.0,
					856.49912434281009,
					0.0,
					959.5,
					494.0,
					1.0
				],
				"width" : 1920
			},
			"version_major" : 1,
			"version_minor" : 0
		},
		{
			"class_name" : "PinholeCameraParameters",
			"extrinsic" : 
			[
				1.0,
				-0.0,
				-0.0,
				0.0,
				0.0,
				-1.0,
				-0.0,
				0.0,
				0.0,
				-0.0,
				-1.0,
				0.0,
				0.038608804349976156,
				0.10932064141614181,
				0.050925316004362009,
				1.0
			],
			"intrinsic" : 
			{
				"height" : 989,
				"intrinsic_matrix" : 
				[
					856.49912434281009,
					0.0,
					0.0,
					0.0,
					856.49912434281009,
					0.0,
					959.5,
					494.0,
					1.0
				],
				"width" : 1920
			},
			"version_major" : 1,
			"version_minor" : 0
		},
		{
			"class_name" : "PinholeCameraParameters",
			"extrinsic" : 
			[
				1.0,
				-0.0,
				-0.0,
				0.0,
				-0.0,
				-0.9999932299575901,
				-0.003679679196116109,
				0.0,
				0.0,
				0.003679679196116109,
				-0.9999932299575901,
				0.0,
				0.038608804349976156,
				0.11072857798570705,
				0.05133017264218763,
				1.0
			],
			"intrinsic" : 
			{
				"height" : 989,
				"intrinsic_matrix" : 
				[
					856.49912434281009,
					0.0,
					0.0,
					0.0,
					856.49912434281009,
					0.0,
					959.5,
					494.0,
					1.0
				],
				"width" : 1920
			},
			"version_major" : 1,
			"version_minor" : 0
		},
		{
			"class_name" : "PinholeCameraParameters",
			"extrinsic" : 
			[
				0.98780196682203392,
				-0.0014730306668693793,
				-0.15570839580181939,
				0.0,
				-0.003971530667048139,
				-0.99986829174425196,
				-0.015736140206294279,
				0.0,
				-0.15566470790350095,
				0.016162590915008566,
				-0.98767771533442628,
				0.0,
				-0.021020466150227051,
				0.11543683021427333,
				0.051351176259082469,
				1.0
			],
			"intrinsic" : 
			{
				"height" : 989,
				"intrinsic_matrix" : 
				[
					856.49912434281009,
					0.0,
					0.0,
					0.0,
					856.49912434281009,
					0.0,
					959.5,
					494.0,
					1.0
				],
				"width" : 1920
			},
			"version_major" : 1,
			"version_minor" : 0
		},
		{
			"class_name" : "PinholeCameraParameters",
			"extrinsic" : 
			[
				0.98562381759568785,
				-0.0019224537404334081,
				-0.16894376093753297,
				0.0,
				-0.0041823138531831968,
				-0.99990646901582292,
				-0.013021577137306315,
				0.0,
				-0.16890292608162794,
				0.013540952400966495,
				-0.9855396715349104,
				0.0,
				-0.026149452352397809,
				0.11442002084229198,
				0.051361915503650206,
				1.0
			],
			"intrinsic" : 
			{
				"height" : 989,
				"intrinsic_matrix" : 
				[
					856.49912434281009,
					0.0,
					0.0,
					0.0,
					856.49912434281009,
					0.0,
					959.5,
					494.0,
					1.0
				],
				"width" : 1920
			},
			"version_major" : 1,
			"version_minor" : 0
		},
		{
			"class_name" : "PinholeCameraParameters",
			"extrinsic" : 
			[
				0.9815309057505287,
				-0.0024014149000184523,
				-0.1912885628129003,
				0.0,
				-0.0044557808733295349,
				-0.99993692091362807,
				-0.010310199347325827,
				0.0,
				-0.19125173743878982,
				0.010972119223317645,
				-0.98147969185632855,
				0.0,
				-0.034833284079487645,
				0.11342144175025194,
				0.051757065428181717,
				1.0
			],
			"intrinsic" : 
			{
				"height" : 989,
				"intrinsic_matrix" : 
				[
					856.49912434281009,
					0.0,
					0.0,
					0.0,
					856.49912434281009,
					0.0,
					959.5,
					494.0,
					1.0
				],
				"width" : 1920
			},
			"version_major" : 1,
			"version_minor" : 0
		},
		{
			"class_name" : "PinholeCameraParameters",
			"extrinsic" : 
			[
				0.9791029100365598,
				-0.0020892021196415671,
				-0.20335468224863618,
				0.0,
				-0.0045847022929472476,
				-0.99991985105708336,
				-0.011801354450454972,
				0.0,
				-0.20331372817108426,
				0.012487061162800248,
				-0.97903401434306203,
				0.0,
				-0.039530575350151129,
				0.11401158890820881,
				0.052390489827374015,
				1.0
			],
			"intrinsic" : 
			{
				"height" : 989,
				"intrinsic_matrix" : 
				[
					856.49912434281009,
					0.0,
					0.0,
					0.0,
					856.49912434281009,
					0.0,
					959.5,
					494.0,
					1.0
				],
				"width" : 1920
			},
			"version_major" : 1,
			"version_minor" : 0
		},
		{
			"class_name" : "PinholeCameraParameters",
			"extrinsic" : 
			[
				0.97124981418424117,
				-0.0013633050299332091,
				-0.23805868992009602,
				0.0,
				-0.0050181786200604603,
				-0.99987865751627203,
				-0.014747478658899775,
				0.0,
				-0.2380096979755536,
				0.015518106935219095,
				-0.97113880162762156,
				0.0,
				-0.053068903597999609,
				0.1151954745925224,
				0.054395174062105728,
				1.0
			],
			"intrinsic" : 
			{
				"height" : 989,
				"intrinsic_matrix" : 
				[
					856.49912434281009,
					0.0,
					0.0,
					0.0,
					856.49912434281009,
					0.0,
					959.5,
					494.0,
					1.0
				],
				"width" : 1920
			},
			"version_major" : 1,
			"version_minor" : 0
		},
		{
			"class_name" : "PinholeCameraParameters",
			"extrinsic" : 
			[
				0.96406537330471809,
				-0.00080254125561073347,
				-0.26566390782785632,
				0.0,
				-0.005471774730882892,
				-0.99984329113113812,
				-0.016836058367355675,
				0.0,
				-0.26560876430594149,
				0.017684713952664837,
				-0.96391868703552142,
				0.0,
				-0.063862337572008723,
				0.11604269211989283,
				0.056321741688405154,
				1.0
			],
			"intrinsic" : 
			{
				"height" : 989,
				"intrinsic_matrix" : 
				[
					856.49912434281009,
					0.0,
					0.0,
					0.0,
					856.49912434281009,
					0.0,
					959.5,
					494.0,
					1.0
				],
				"width" : 1920
			},
			"version_major" : 1,
			"version_minor" : 0
		},
		{
			"class_name" : "PinholeCameraParameters",
			"extrinsic" : 
			[
				0.95358645793267083,
				-0.0011730571976116613,
				-0.30111707222313672,
				0.0,
				-0.0060903672513285935,
				-0.99986298742946444,
				-0.015392004267494395,
				0.0,
				-0.30105775969764764,
				0.016511520385408273,
				-0.95346294894998185,
				0.0,
				-0.077770086284926709,
				0.11558141121529814,
				0.058797800320205519,
				1.0
			],
			"intrinsic" : 
			{
				"height" : 989,
				"intrinsic_matrix" : 
				[
					856.49912434281009,
					0.0,
					0.0,
					0.0,
					856.49912434281009,
					0.0,
					959.5,
					494.0,
					1.0
				],
				"width" : 1920
			},
			"version_major" : 1,
			"version_minor" : 0
		},
		{
			"class_name" : "PinholeCameraParameters",
			"extrinsic" : 
			[
				0.93467108875101468,
				-0.0011730571976116602,
				-0.35551171540443516,
				0.0,
				-0.006966320946623113,
				-0.99986298742946444,
				-0.015015882960893824,
				0.0,
				-0.35544539134086639,
				0.01651152038540827,
				-0.9345511989554669,
				0.0,
				-0.099225622872022745,
				0.11558141121529812,
				0.063896478972978316,
				1.0
			],
			"intrinsic" : 
			{
				"height" : 989,
				"intrinsic_matrix" : 
				[
					856.49912434281009,
					0.0,
					0.0,
					0.0,
					856.49912434281009,
					0.0,
					959.5,
					494.0,
					1.0
				],
				"width" : 1920
			},
			"version_major" : 1,
			"version_minor" : 0
		},
		{
			"class_name" : "PinholeCameraParameters",
			"extrinsic" : 
			[
				0.90668459198138884,
				0.0010869828045063246,
				-0.42180785807275478,
				0.0,
				-0.0081354357534655607,
				-0.99976560498735134,
				-0.020063642973716506,
				0.0,
				-0.42173079724943474,
				0.021622986672942223,
				-0.9064632265562117,
				0.0,
				-0.12555411299554689,
				0.11761482467143854,
				0.072641493182440675,
				1.0
			],
			"intrinsic" : 
			{
				"height" : 989,
				"intrinsic_matrix" : 
				[
					856.49912434281009,
					0.0,
					0.0,
					0.0,
					856.49912434281009,
					0.0,
					959.5,
					494.0,
					1.0
				],
				"width" : 1920
			},
			"version_major" : 1,
			"version_minor" : 0
		},
		{
			"class_name" : "PinholeCameraParameters",
			"extrinsic" : 
			[
				0.89107515623647593,
				-0.0097237531875883371,
				-0.45375160006559412,
				0.0,
				-0.0086716488991987906,
				-0.9999527230872296,
				0.0043993290174339618,
				0.0,
				-0.45377292608033476,
				1.4641771672868967e-05,
				-0.89111734992766789,
				0.0,
				-0.13836471381251048,
				0.10894565583946104,
				0.074608675469967925,
				1.0
			],
			"intrinsic" : 
			{
				"height" : 989,
				"intrinsic_matrix" : 
				[
					856.49912434281009,
					0.0,
					0.0,
					0.0,
					856.49912434281009,
					0.0,
					959.5,
					494.0,
					1.0
				],
				"width" : 1920
			},
			"version_major" : 1,
			"version_minor" : 0
		},
		{
			"class_name" : "PinholeCameraParameters",
			"extrinsic" : 
			[
				0.87548440737360833,
				-0.058239253360908252,
				-0.4797241309478249,
				0.0,
				-0.0075350962337707508,
				-0.99423580328257077,
				0.10695040811427106,
				0.0,
				-0.48318761860216342,
				-0.090018647173934249,
				-0.87087678140512226,
				0.0,
				-0.1503516101880612,
				0.071980473893450317,
				0.070143572185531675,
				1.0
			],
			"intrinsic" : 
			{
				"height" : 989,
				"intrinsic_matrix" : 
				[
					856.49912434281009,
					0.0,
					0.0,
					0.0,
					856.49912434281009,
					0.0,
					959.5,
					494.0,
					1.0
				],
				"width" : 1920
			},
			"version_major" : 1,
			"version_minor" : 0
		},
		{
			"class_name" : "PinholeCameraParameters",
			"extrinsic" : 
			[
				0.87515262650990666,
				-0.060229688971633215,
				-0.48008360196864897,
				0.0,
				-0.0074592473950901017,
				-0.99378356514854671,
				0.11107918467896331,
				0.0,
				-0.48378945827819636,
				-0.09363017786496361,
				-0.87016156537269829,
				0.0,
				-0.1506031115384624,
				0.070471598932590515,
				0.069952136192220876,
				1.0
			],
			"intrinsic" : 
			{
				"height" : 989,
				"intrinsic_matrix" : 
				[
					856.49912434281009,
					0.0,
					0.0,
					0.0,
					856.49912434281009,
					0.0,
					959.5,
					494.0,
					1.0
				],
				"width" : 1920
			},
			"version_major" : 1,
			"version_minor" : 0
		},
		{
			"class_name" : "PinholeCameraParameters",
			"extrinsic" : 
			[
				0.87448842227333112,
				-0.066404769566094576,
				-0.48047935011691628,
				0.0,
				-0.0072976624299623035,
				-0.99227344066036782,
				0.12385541200566842,
				0.0,
				-0.48499148800052005,
				-0.10480374773312942,
				-0.86821623517884772,
				0.0,
				-0.15110658840934713,
				0.065790566204078346,
				0.06928487433792295,
				1.0
			],
			"intrinsic" : 
			{
				"height" : 989,
				"intrinsic_matrix" : 
				[
					856.49912434281009,
					0.0,
					0.0,
					0.0,
					856.49912434281009,
					0.0,
					959.5,
					494.0,
					1.0
				],
				"width" : 1920
			},
			"version_major" : 1,
			"version_minor" : 0
		},
		{
			"class_name" : "PinholeCameraParameters",
			"extrinsic" : 
			[
				0.87406578826316306,
				-0.079923047533267844,
				-0.47918817207949793,
				0.0,
				-0.0071888023296340555,
				-0.98839430523462313,
				0.15173997001723855,
				0.0,
				-0.48575438125554871,
				-0.12918592745636817,
				-0.86449619851002069,
				0.0,
				-0.1514268617923879,
				0.055510441026058226,
				0.067710493973395361,
				1.0
			],
			"intrinsic" : 
			{
				"height" : 989,
				"intrinsic_matrix" : 
				[
					856.49912434281009,
					0.0,
					0.0,
					0.0,
					856.49912434281009,
					0.0,
					959.5,
					494.0,
					1.0
				],
				"width" : 1920
			},
			"version_major" : 1,
			"version_minor" : 0
		},
		{
			"class_name" : "PinholeCameraParameters",
			"extrinsic" : 
			[
				0.87678959990911853,
				-0.10082684499650339,
				-0.47018501126605378,
				0.0,
				-0.0082108935479505984,
				-0.98076784725878619,
				0.19500515636903218,
				0.0,
				-0.48080409598749496,
				-0.16711785395767129,
				-0.86075492689280042,
				0.0,
				-0.14931486536549093,
				0.039348315416607819,
				0.064760573176721167,
				1.0
			],
			"intrinsic" : 
			{
				"height" : 989,
				"intrinsic_matrix" : 
				[
					856.49912434281009,
					0.0,
					0.0,
					0.0,
					856.49912434281009,
					0.0,
					959.5,
					494.0,
					1.0
				],
				"width" : 1920
			},
			"version_major" : 1,
			"version_minor" : 0
		},
		{
			"class_name" : "PinholeCameraParameters",
			"extrinsic" : 
			[
				0.87984652170039079,
				-0.11296063648024311,
				-0.46163837888297604,
				0.0,
				-0.0095814117452354824,
				-0.97536144858364482,
				0.22040472128741345,
				0.0,
				-0.47516133554898177,
				-0.18949918000559401,
				-0.85925070030609552,
				0.0,
				-0.14688682023005087,
				0.029720660912484036,
				0.062889708674071884,
				1.0
			],
			"intrinsic" : 
			{
				"height" : 989,
				"intrinsic_matrix" : 
				[
					856.49912434281009,
					0.0,
					0.0,
					0.0,
					856.49912434281009,
					0.0,
					959.5,
					494.0,
					1.0
				],
				"width" : 1920
			},
			"version_major" : 1,
			"version_minor" : 0
		},
		{
			"class_name" : "PinholeCameraParameters",
			"extrinsic" : 
			[
				0.88331223663569536,
				-0.11970564822649002,
				-0.4532439193109174,
				0.0,
				-0.011281803662488085,
				-0.97199613574378363,
				0.2347258677804247,
				0.0,
				-0.46864935027776006,
				-0.20222282235649905,
				-0.85992657628567648,
				0.0,
				-0.14407416825322195,
				0.024221405476105608,
				0.061389468938571425,
				1.0
			],
			"intrinsic" : 
			{
				"height" : 989,
				"intrinsic_matrix" : 
				[
					856.49912434281009,
					0.0,
					0.0,
					0.0,
					856.49912434281009,
					0.0,
					959.5,
					494.0,
					1.0
				],
				"width" : 1920
			},
			"version_major" : 1,
			"version_minor" : 0
		},
		{
			"class_name" : "PinholeCameraParameters",
			"extrinsic" : 
			[
				0.88846139090106591,
				-0.12667058618538604,
				-0.4411246076491247,
				0.0,
				-0.014046664320944646,
				-0.96821241376255507,
				0.24973468533133669,
				0.0,
				-0.4587363601237624,
				-0.21568329659836374,
				-0.86199864702264128,
				0.0,
				-0.13977815937422675,
				0.018385839829059086,
				0.059423365066539155,
				1.0
			],
			"intrinsic" : 
			{
				"height" : 989,
				"intrinsic_matrix" : 
				[
					856.49912434281009,
					0.0,
					0.0,
					0.0,
					856.49912434281009,
					0.0,
					959.5,
					494.0,
					1.0
				],
				"width" : 1920
			},
			"version_major" : 1,
			"version_minor" : 0
		},
		{
			"class_name" : "PinholeCameraParameters",
			"extrinsic" : 
			[
				0.89547726554753326,
				-0.13295658546736186,
				-0.42478584400656849,
				0.0,
				-0.018175222524146245,
				-0.9644712818550446,
				0.26356177219597893,
				0.0,
				-0.44473602077379609,
				-0.22829299782899046,
				-0.86607862170159944,
				0.0,
				-0.1336962550340462,
				0.012906841150911889,
				0.056980679017911644,
				1.0
			],
			"intrinsic" : 
			{
				"height" : 989,
				"intrinsic_matrix" : 
				[
					856.49912434281009,
					0.0,
					0.0,
					0.0,
					856.49912434281009,
					0.0,
					959.5,
					494.0,
					1.0
				],
				"width" : 1920
			},
			"version_major" : 1,
			"version_minor" : 0
		},
		{
			"class_name" : "PinholeCameraParameters",
			"extrinsic" : 
			[
				0.90426887635331299,
				-0.14101085396380927,
				-0.40300587876991817,
				0.0,
				-0.023914553869176465,
				-0.95913419096432551,
				0.28193917400114393,
				0.0,
				-0.42629320117960473,
				-0.24531111427655761,
				-0.87068740879861062,
				0.0,
				-0.12566900418189239,
				0.0054974447202748708,
				0.054048184794097003,
				1.0
			],
			"intrinsic" : 
			{
				"height" : 989,
				"intrinsic_matrix" : 
				[
					856.49912434281009,
					0.0,
					0.0,
					0.0,
					856.49912434281009,
					0.0,
					959.5,
					494.0,
					1.0
				],
				"width" : 1920
			},
			"version_major" : 1,
			"version_minor" : 0
		},
		{
			"class_name" : "PinholeCameraParameters",
			"extrinsic" : 
			[
				0.90943903634425816,
				-0.1455489106905932,
				-0.38953325117377186,
				0.0,
				-0.027583139226038264,
				-0.95579581072844366,
				0.29273458733875996,
				0.0,
				-0.41492144991993857,
				-0.25547971111369844,
				-0.87325271691853168,
				0.0,
				-0.1207149369307241,
				0.0010644791878417488,
				0.052406118814842167,
				1.0
			],
			"intrinsic" : 
			{
				"height" : 989,
				"intrinsic_matrix" : 
				[
					856.49912434281009,
					0.0,
					0.0,
					0.0,
					856.49912434281009,
					0.0,
					959.5,
					494.0,
					1.0
				],
				"width" : 1920
			},
			"version_major" : 1,
			"version_minor" : 0
		},
		{
			"class_name" : "PinholeCameraParameters",
			"extrinsic" : 
			[
				0.92247447536287619,
				-0.15883403239478841,
				-0.35187013578477749,
				0.0,
				-0.038153076002922247,
				-0.94448948820492185,
				0.32631878502764772,
				0.0,
				-0.38416817293407024,
				-0.28759582198567535,
				-0.87732745202739559,
				0.0,
				-0.1072829895453888,
				-0.012979338483409481,
				0.048628886306232695,
				1.0
			],
			"intrinsic" : 
			{
				"height" : 989,
				"intrinsic_matrix" : 
				[
					856.49912434281009,
					0.0,
					0.0,
					0.0,
					856.49912434281009,
					0.0,
					959.5,
					494.0,
					1.0
				],
				"width" : 1920
			},
			"version_major" : 1,
			"version_minor" : 0
		},
		{
			"class_name" : "PinholeCameraParameters",
			"extrinsic" : 
			[
				0.93817176318364692,
				-0.17178471113719679,
				-0.30053910857723148,
				0.0,
				-0.05447685928934011,
				-0.93063101522694214,
				0.36188145199725358,
				0.0,
				-0.34185671642788668,
				-0.32313453315481611,
				-0.88245003196552874,
				0.0,
				-0.08869448614255819,
				-0.028599506638311366,
				0.04476192581045485,
				1.0
			],
			"intrinsic" : 
			{
				"height" : 989,
				"intrinsic_matrix" : 
				[
					856.49912434281009,
					0.0,
					0.0,
					0.0,
					856.49912434281009,
					0.0,
					959.5,
					494.0,
					1.0
				],
				"width" : 1920
			},
			"version_major" : 1,
			"version_minor" : 0
		},
		{
			"class_name" : "PinholeCameraParameters",
			"extrinsic" : 
			[
				0.95347533104095605,
				-0.18068673796441573,
				-0.24132363294985829,
				0.0,
				-0.075490571835551953,
				-0.91808307168880465,
				0.38913319961472143,
				0.0,
				-0.29186635068174732,
				-0.35281124727285529,
				-0.88900970587361505,
				0.0,
				-0.066668792015929706,
				-0.041675968688939885,
				0.041557772614689147,
				1.0
			],
			"intrinsic" : 
			{
				"height" : 989,
				"intrinsic_matrix" : 
				[
					856.49912434281009,
					0.0,
					0.0,
					0.0,
					856.49912434281009,
					0.0,
					959.5,
					494.0,
					1.0
				],
				"width" : 1920
			},
			"version_major" : 1,
			"version_minor" : 0
		},
		{
			"class_name" : "PinholeCameraParameters",
			"extrinsic" : 
			[
				0.96025435080923671,
				-0.18428932928677746,
				-0.20964022720594735,
				0.0,
				-0.087214441903740447,
				-0.91154938695227516,
				0.40183498636921899,
				0.0,
				-0.26515132071206171,
				-0.36758013855207278,
				-0.89139195580097563,
				0.0,
				-0.054898194510228121,
				-0.04818324183693859,
				0.040480476467314321,
				1.0
			],
			"intrinsic" : 
			{
				"height" : 989,
				"intrinsic_matrix" : 
				[
					856.49912434281009,
					0.0,
					0.0,
					0.0,
					856.49912434281009,
					0.0,
					959.5,
					494.0,
					1.0
				],
				"width" : 1920
			},
			"version_major" : 1,
			"version_minor" : 0
		},
		{
			"class_name" : "PinholeCameraParameters",
			"extrinsic" : 
			[
				0.96298034849077385,
				-0.18592803552811618,
				-0.19519122425263757,
				0.0,
				-0.092648471274808061,
				-0.90824309845789919,
				0.40805726911064338,
				0.0,
				-0.25315036873571595,
				-0.37486696267909575,
				-0.8918462037261361,
				0.0,
				-0.04960461961088225,
				-0.051397541255588562,
				0.040184213362652266,
				1.0
			],
			"intrinsic" : 
			{
				"height" : 989,
				"intrinsic_matrix" : 
				[
					856.49912434281009,
					0.0,
					0.0,
					0.0,
					856.49912434281009,
					0.0,
					959.5,
					494.0,
					1.0
				],
				"width" : 1920
			},
			"version_major" : 1,
			"version_minor" : 0
		},
		{
			"class_name" : "PinholeCameraParameters",
			"extrinsic" : 
			[
				0.96546631557244511,
				-0.18729340310946796,
				-0.18109658927390748,
				0.0,
				-0.098052612164537339,
				-0.90522661331258836,
				0.4134615626613104,
				0.0,
				-0.24137207531667546,
				-0.38142621790104603,
				-0.89233041052909601,
				0.0,
				-0.044408818907136598,
				-0.054291073651894971,
				0.039952222601415663,
				1.0
			],
			"intrinsic" : 
			{
				"height" : 989,
				"intrinsic_matrix" : 
				[
					856.49912434281009,
					0.0,
					0.0,
					0.0,
					856.49912434281009,
					0.0,
					959.5,
					494.0,
					1.0
				],
				"width" : 1920
			},
			"version_major" : 1,
			"version_minor" : 0
		},
		{
			"class_name" : "PinholeCameraParameters",
			"extrinsic" : 
			[
				0.96812219857153403,
				-0.18854920184909191,
				-0.16488968165136852,
				0.0,
				-0.10440958742127442,
				-0.90215738091637465,
				0.41858176992390228,
				0.0,
				-0.22767970196646539,
				-0.38802223974944761,
				-0.89308493144397183,
				0.0,
				-0.038369534025472829,
				-0.057200217308139435,
				0.039729357400616457,
				1.0
			],
			"intrinsic" : 
			{
				"height" : 989,
				"intrinsic_matrix" : 
				[
					856.49912434281009,
					0.0,
					0.0,
					0.0,
					856.49912434281009,
					0.0,
					959.5,
					494.0,
					1.0
				],
				"width" : 1920
			},
			"version_major" : 1,
			"version_minor" : 0
		},
		{
			"class_name" : "PinholeCameraParameters",
			"extrinsic" : 
			[
				0.97080020811643331,
				-0.189951382283569,
				-0.14651084700339251,
				0.0,
				-0.11164092781628629,
				-0.89831876147716572,
				0.42492317660307705,
				0.0,
				-0.21232818738313769,
				-0.39615890138515431,
				-0.89329438915505277,
				0.0,
				-0.031598646391890389,
				-0.060788919358051224,
				0.039665509739355939,
				1.0
			],
			"intrinsic" : 
			{
				"height" : 989,
				"intrinsic_matrix" : 
				[
					856.49912434281009,
					0.0,
					0.0,
					0.0,
					856.49912434281009,
					0.0,
					959.5,
					494.0,
					1.0
				],
				"width" : 1920
			},
			"version_major" : 1,
			"version_minor" : 0
		},
		{
			"class_name" : "PinholeCameraParameters",
			"extrinsic" : 
			[
				0.97260267546062651,
				-0.19083413736961888,
				-0.13276433143440594,
				0.0,
				-0.11713469163973617,
				-0.89558264449079128,
				0.42919831185752005,
				0.0,
				-0.20080712064390366,
				-0.40188811739248353,
				-0.89339937396297187,
				0.0,
				-0.026517910206615192,
				-0.063315408087138689,
				0.03968869483272594,
				1.0
			],
			"intrinsic" : 
			{
				"height" : 989,
				"intrinsic_matrix" : 
				[
					856.49912434281009,
					0.0,
					0.0,
					0.0,
					856.49912434281009,
					0.0,
					959.5,
					494.0,
					1.0
				],
				"width" : 1920
			},
			"version_major" : 1,
			"version_minor" : 0
		},
		{
			"class_name" : "PinholeCameraParameters",
			"extrinsic" : 
			[
				0.97287290063271692,
				-0.19101478449990389,
				-0.13050544554515345,
				0.0,
				-0.11801463655643551,
				-0.89498862105978694,
