{
	"class_name" : "PinholeCameraTrajectory",
	"parameters" : 
	[
		{
			"class_name" : "PinholeCameraParameters",
			"extrinsic" : 
			[
				1.0,
				-0.0,
				-0.0,
				0.0,
				0.0,
				-1.0,
				-0.0,
				0.0,
				0.0,
				-0.0,
				-1.0,
				0.0,
				0.038608804349976156,
				0.10932064141614181,
				0.38496232232294403,
				1.0
			],
			"intrinsic" : 
			{
				"height" : 1080,
				"intrinsic_matrix" : 
				[
					935.30743608719399,
					0.0,
					0.0,
					0.0,
					935.30743608719399,
					0.0,
					959.5,
					539.5,
					1.0
				],
				"width" : 1920
			},
			"version_major" : 1,
			"version_minor" : 0
		},
		{
			"class_name" : "PinholeCameraParameters",
			"extrinsic" : 
			[
				1.0,
				-0.0,
				-0.0,
				0.0,
				0.0,
				-1.0,
				-0.0,
				0.0,
				0.0,
				-0.0,
				-1.0,
				0.0,
				0.038608804349976156,
				0.10932064141614181,
				0.38496232232294403,
				1.0
			],
			"intrinsic" : 
			{
				"height" : 1080,
				"intrinsic_matrix" : 
				[
					935.30743608719399,
					0.0,
					0.0,
					0.0,
					935.30743608719399,
					0.0,
					959.5,
					539.5,
					1.0
				],
				"width" : 1920
			},
			"version_major" : 1,
			"version_minor" : 0
		},
		{
			"class_name" : "PinholeCameraParameters",
			"extrinsic" : 
			[
				1.0,
				-0.0,
				-0.0,
				0.0,
				0.0,
				-1.0,
				-0.0,
				0.0,
				0.0,
				-0.0,
				-1.0,
				0.0,
				0.038608804349976156,
				0.10932064141614181,
				0.38496232232294403,
				1.0
			],
			"intrinsic" : 
			{
				"height" : 1080,
				"intrinsic_matrix" : 
				[
					935.30743608719399,
					0.0,
					0.0,
					0.0,
					935.30743608719399,
					0.0,
					959.5,
					539.5,
					1.0
				],
				"width" : 1920
			},
			"version_major" : 1,
			"version_minor" : 0
		},
		{
			"class_name" : "PinholeCameraParameters",
			"extrinsic" : 
			[
				1.0,
				-0.0,
				-0.0,
				0.0,
				0.0,
				-1.0,
				-0.0,
				0.0,
				0.0,
				-0.0,
				-1.0,
				0.0,
				0.038608804349976156,
				0.10932064141614181,
				0.38496232232294403,
				1.0
			],
			"intrinsic" : 
			{
				"height" : 1080,
				"intrinsic_matrix" : 
				[
					935.30743608719399,
					0.0,
					0.0,
					0.0,
					935.30743608719399,
					0.0,
					959.5,
					539.5,
					1.0
				],
				"width" : 1920
			},
			"version_major" : 1,
			"version_minor" : 0
		},
		{
			"class_name" : "PinholeCameraParameters",
			"extrinsic" : 
			[
				1.0,
				-0.0,
				-0.0,
				0.0,
				0.0,
				-1.0,
				-0.0,
				0.0,
				0.0,
				-0.0,
				-1.0,
				0.0,
				0.038608804349976156,
				0.10932064141614181,
				0.38496232232294403,
				1.0
			],
			"intrinsic" : 
			{
				"height" : 1080,
				"intrinsic_matrix" : 
				[
					935.30743608719399,
					0.0,
					0.0,
					0.0,
					935.30743608719399,
					0.0,
					959.5,
					539.5,
					1.0
				],
				"width" : 1920
			},
			"version_major" : 1,
			"version_minor" : 0
		},
		{
			"class_name" : "PinholeCameraParameters",
			"extrinsic" : 
			[
				1.0,
				-0.0,
				-0.0,
				0.0,
				0.0,
				-1.0,
				-0.0,
				0.0,
				0.0,
				-0.0,
				-1.0,
				0.0,
				0.038608804349976156,
				0.10932064141614181,
				0.38496232232294403,
				1.0
			],
			"intrinsic" : 
			{
				"height" : 1080,
				"intrinsic_matrix" : 
				[
					935.30743608719399,
					0.0,
					0.0,
					0.0,
					935.30743608719399,
					0.0,
					959.5,
					539.5,
					1.0
				],
				"width" : 1920
			},
			"version_major" : 1,
			"version_minor" : 0
		},
		{
			"class_name" : "PinholeCameraParameters",
			"extrinsic" : 
			[
				1.0,
				-0.0,
				-0.0,
				0.0,
				0.0,
				-1.0,
				-0.0,
				0.0,
				0.0,
				-0.0,
				-1.0,
				0.0,
				0.038608804349976156,
				0.10932064141614181,
				0.38496232232294403,
				1.0
			],
			"intrinsic" : 
			{
				"height" : 1080,
				"intrinsic_matrix" : 
				[
					935.30743608719399,
					0.0,
					0.0,
					0.0,
					935.30743608719399,
					0.0,
					959.5,
					539.5,
					1.0
				],
				"width" : 1920
			},
			"version_major" : 1,
			"version_minor" : 0
		},
		{
			"class_name" : "PinholeCameraParameters",
			"extrinsic" : 
			[
				1.0,
				-0.0,
				-0.0,
				0.0,
				0.0,
				-1.0,
				-0.0,
				0.0,
				0.0,
				-0.0,
				-1.0,
				0.0,
				0.038608804349976156,
				0.10932064141614181,
				0.38496232232294403,
				1.0
			],
			"intrinsic" : 
			{
				"height" : 1080,
				"intrinsic_matrix" : 
				[
					935.30743608719399,
					0.0,
					0.0,
					0.0,
					935.30743608719399,
					0.0,
					959.5,
					539.5,
					1.0
				],
				"width" : 1920
			},
			"version_major" : 1,
			"version_minor" : 0
		},
		{
			"class_name" : "PinholeCameraParameters",
			"extrinsic" : 
			[
				1.0,
				-0.0,
				-0.0,
				0.0,
				0.0,
				-1.0,
				-0.0,
				0.0,
				0.0,
				-0.0,
				-1.0,
				0.0,
				0.038608804349976156,
				0.10932064141614181,
				0.38496232232294403,
				1.0
			],
			"intrinsic" : 
			{
				"height" : 1080,
				"intrinsic_matrix" : 
				[
					935.30743608719399,
					0.0,
					0.0,
					0.0,
					935.30743608719399,
					0.0,
					959.5,
					539.5,
					1.0
				],
				"width" : 1920
			},
			"version_major" : 1,
			"version_minor" : 0
		},
		{
			"class_name" : "PinholeCameraParameters",
			"extrinsic" : 
			[
				1.0,
				-0.0,
				-0.0,
				0.0,
				0.0,
				-1.0,
				-0.0,
				0.0,
				0.0,
				-0.0,
				-1.0,
				0.0,
				0.038608804349976156,
				0.10932064141614181,
				0.38496232232294403,
				1.0
			],
			"intrinsic" : 
			{
				"height" : 1080,
				"intrinsic_matrix" : 
				[
					935.30743608719399,
					0.0,
					0.0,
					0.0,
					935.30743608719399,
					0.0,
					959.5,
					539.5,
					1.0
				],
				"width" : 1920
			},
			"version_major" : 1,
			"version_minor" : 0
		},
		{
			"class_name" : "PinholeCameraParameters",
			"extrinsic" : 
			[
				1.0,
				-0.0,
				-0.0,
				0.0,
				0.0,
				-1.0,
				-0.0,
				0.0,
				0.0,
				-0.0,
				-1.0,
				0.0,
				0.038608804349976156,
				0.10932064141614181,
				0.38496232232294403,
				1.0
			],
			"intrinsic" : 
			{
				"height" : 1080,
				"intrinsic_matrix" : 
				[
					935.30743608719399,
					0.0,
					0.0,
					0.0,
					935.30743608719399,
					0.0,
					959.5,
					539.5,
					1.0
				],
				"width" : 1920
			},
			"version_major" : 1,
			"version_minor" : 0
		},
		{
			"class_name" : "PinholeCameraParameters",
			"extrinsic" : 
			[
				1.0,
				-0.0,
				-0.0,
				0.0,
				0.0,
				-1.0,
				-0.0,
				0.0,
				0.0,
				-0.0,
				-1.0,
				0.0,
				0.038608804349976156,
				0.10932064141614181,
				0.38496232232294403,
				1.0
			],
			"intrinsic" : 
			{
				"height" : 1080,
				"intrinsic_matrix" : 
				[
					935.30743608719399,
					0.0,
					0.0,
					0.0,
					935.30743608719399,
					0.0,
					959.5,
					539.5,
					1.0
				],
				"width" : 1920
			},
			"version_major" : 1,
			"version_minor" : 0
		},
		{
			"class_name" : "PinholeCameraParameters",
			"extrinsic" : 
			[
				1.0,
				-0.0,
				-0.0,
				0.0,
				0.0,
				-1.0,
				-0.0,
				0.0,
				0.0,
				-0.0,
				-1.0,
				0.0,
				0.038608804349976156,
				0.10932064141614181,
				0.38496232232294403,
				1.0
			],
			"intrinsic" : 
			{
				"height" : 1080,
				"intrinsic_matrix" : 
				[
					935.30743608719399,
					0.0,
					0.0,
					0.0,
					935.30743608719399,
					0.0,
					959.5,
					539.5,
					1.0
				],
				"width" : 1920
			},
			"version_major" : 1,
			"version_minor" : 0
		},
		{
			"class_name" : "PinholeCameraParameters",
			"extrinsic" : 
			[
				1.0,
				-0.0,
				-0.0,
				0.0,
				0.0,
				-1.0,
				-0.0,
				0.0,
				0.0,
				-0.0,
				-1.0,
				0.0,
				0.038608804349976156,
				0.10932064141614181,
				0.38496232232294403,
				1.0
			],
			"intrinsic" : 
			{
				"height" : 1080,
				"intrinsic_matrix" : 
				[
					935.30743608719399,
					0.0,
					0.0,
					0.0,
					935.30743608719399,
					0.0,
					959.5,
					539.5,
					1.0
				],
				"width" : 1920
			},
			"version_major" : 1,
			"version_minor" : 0
		},
		{
			"class_name" : "PinholeCameraParameters",
			"extrinsic" : 
			[
				1.0,
				-0.0,
				-0.0,
				0.0,
				0.0,
				-1.0,
				-0.0,
				0.0,
				0.0,
				-0.0,
				-1.0,
				0.0,
				0.038608804349976156,
				0.10932064141614181,
				0.38496232232294403,
				1.0
			],
			"intrinsic" : 
			{
				"height" : 1080,
				"intrinsic_matrix" : 
				[
					935.30743608719399,
					0.0,
					0.0,
					0.0,
					935.30743608719399,
					0.0,
					959.5,
					539.5,
					1.0
				],
				"width" : 1920
			},
			"version_major" : 1,
			"version_minor" : 0
		},
		{
			"class_name" : "PinholeCameraParameters",
			"extrinsic" : 
			[
				1.0,
				-0.0,
				-0.0,
				0.0,
				0.0,
				-1.0,
				-0.0,
				0.0,
				0.0,
				-0.0,
				-1.0,
				0.0,
				0.038608804349976156,
				0.10932064141614181,
				0.38496232232294403,
				1.0
			],
			"intrinsic" : 
			{
				"height" : 1080,
				"intrinsic_matrix" : 
				[
					935.30743608719399,
					0.0,
					0.0,
					0.0,
					935.30743608719399,
					0.0,
					959.5,
					539.5,
					1.0
				],
				"width" : 1920
			},
			"version_major" : 1,
			"version_minor" : 0
		},
		{
			"class_name" : "PinholeCameraParameters",
			"extrinsic" : 
			[
				1.0,
				-0.0,
				-0.0,
				0.0,
				0.0,
				-1.0,
				-0.0,
				0.0,
				0.0,
				-0.0,
				-1.0,
				0.0,
				0.038608804349976156,
				0.10932064141614181,
				0.38496232232294403,
				1.0
			],
			"intrinsic" : 
			{
				"height" : 1080,
				"intrinsic_matrix" : 
				[
					935.30743608719399,
					0.0,
					0.0,
					0.0,
					935.30743608719399,
					0.0,
					959.5,
					539.5,
					1.0
				],
				"width" : 1920
			},
			"version_major" : 1,
			"version_minor" : 0
		},
		{
			"class_name" : "PinholeCameraParameters",
			"extrinsic" : 
			[
				1.0,
				-0.0,
				-0.0,
				0.0,
				0.0,
				-1.0,
				-0.0,
				0.0,
				0.0,
				-0.0,
				-1.0,
				0.0,
				0.038608804349976156,
				0.10932064141614181,
				0.38496232232294403,
				1.0
			],
			"intrinsic" : 
			{
				"height" : 1080,
				"intrinsic_matrix" : 
				[
					935.30743608719399,
					0.0,
					0.0,
					0.0,
					935.30743608719399,
					0.0,
					959.5,
					539.5,
					1.0
				],
				"width" : 1920
			},
			"version_major" : 1,
			"version_minor" : 0
		},
		{
			"class_name" : "PinholeCameraParameters",
			"extrinsic" : 
			[
				1.0,
				-0.0,
				-0.0,
				0.0,
				0.0,
				-1.0,
				-0.0,
				0.0,
				0.0,
				-0.0,
				-1.0,
				0.0,
				0.038608804349976156,
				0.10932064141614181,
				0.38496232232294403,
				1.0
			],
			"intrinsic" : 
			{
				"height" : 1080,
				"intrinsic_matrix" : 
				[
					935.30743608719399,
					0.0,
					0.0,
					0.0,
					935.30743608719399,
					0.0,
					959.5,
					539.5,
					1.0
				],
				"width" : 1920
			},
			"version_major" : 1,
			"version_minor" : 0
		},
		{
			"class_name" : "PinholeCameraParameters",
			"extrinsic" : 
			[
				1.0,
				-0.0,
				-0.0,
				0.0,
				0.0,
				-1.0,
				-0.0,
				0.0,
				0.0,
				-0.0,
				-1.0,
				0.0,
				0.038608804349976156,
				0.10932064141614181,
				0.38496232232294403,
				1.0
			],
			"intrinsic" : 
			{
				"height" : 1080,
				"intrinsic_matrix" : 
				[
					935.30743608719399,
					0.0,
					0.0,
					0.0,
					935.30743608719399,
					0.0,
					959.5,
					539.5,
					1.0
				],
				"width" : 1920
			},
			"version_major" : 1,
			"version_minor" : 0
		},
		{
			"class_name" : "PinholeCameraParameters",
			"extrinsic" : 
			[
				1.0,
				-0.0,
				-0.0,
				0.0,
				0.0,
				-1.0,
				-0.0,
				0.0,
				0.0,
				-0.0,
				-1.0,
				0.0,
				0.038608804349976156,
				0.10932064141614181,
				0.38496232232294403,
				1.0
			],
			"intrinsic" : 
			{
				"height" : 1080,
				"intrinsic_matrix" : 
				[
					935.30743608719399,
					0.0,
					0.0,
					0.0,
					935.30743608719399,
					0.0,
					959.5,
					539.5,
					1.0
				],
				"width" : 1920
			},
			"version_major" : 1,
			"version_minor" : 0
		},
		{
			"class_name" : "PinholeCameraParameters",
			"extrinsic" : 
			[
				1.0,
				-0.0,
				-0.0,
				0.0,
				0.0,
				-1.0,
				-0.0,
				0.0,
				0.0,
				-0.0,
				-1.0,
				0.0,
				0.038608804349976156,
				0.10932064141614181,
				0.38496232232294403,
				1.0
			],
			"intrinsic" : 
			{
				"height" : 1080,
				"intrinsic_matrix" : 
				[
					935.30743608719399,
					0.0,
					0.0,
					0.0,
					935.30743608719399,
					0.0,
					959.5,
					539.5,
					1.0
				],
				"width" : 1920
			},
			"version_major" : 1,
			"version_minor" : 0
		},
		{
			"class_name" : "PinholeCameraParameters",
			"extrinsic" : 
			[
				1.0,
				-0.0,
				-0.0,
				0.0,
				0.0,
				-0.99999702929834589,
				0.0024374975863044289,
				0.0,
				-0.0,
				-0.0024374975863044289,
				-0.99999702929834589,
				0.0,
				0.038608804349976156,
				0.10841764805382538,
				0.38469695365126388,
				1.0
			],
			"intrinsic" : 
			{
				"height" : 1080,
				"intrinsic_matrix" : 
				[
					935.30743608719399,
					0.0,
					0.0,
					0.0,
					935.30743608719399,
					0.0,
					959.5,
					539.5,
					1.0
				],
				"width" : 1920
			},
			"version_major" : 1,
			"version_minor" : 0
		},
		{
			"class_name" : "PinholeCameraParameters",
			"extrinsic" : 
			[
				0.99967522461828762,
				-0.001363756165694476,
				-0.025447700357729683,
				0.0,
				0.00098939243995560967,
				-0.99573733811857157,
				0.092228924850836932,
				0.0,
				-0.025465003180365476,
				-0.092224148928911773,
				-0.99541259785445846,
				0.0,
				0.029057752712450757,
				0.074648996150780744,
				0.375596125863215,
				1.0
			],
			"intrinsic" : 
			{
				"height" : 1080,
				"intrinsic_matrix" : 
				[
					935.30743608719399,
					0.0,
					0.0,
					0.0,
					935.30743608719399,
					0.0,
					959.5,
					539.5,
					1.0
				],
				"width" : 1920
			},
			"version_major" : 1,
			"version_minor" : 0
		},
		{
			"class_name" : "PinholeCameraParameters",
			"extrinsic" : 
			[
				0.99950835717352027,
				-0.002379084468733892,
				-0.031263139595719094,
				0.0,
				0.0016099521357355422,
				-0.99190725349380393,
				0.1269543560516907,
				0.0,
				-0.031312170068703807,
				-0.12694227201160946,
				-0.9914157591959688,
				0.0,
				0.026818112557519737,
				0.061334066403261112,
				0.37305552535855824,
				1.0
			],
			"intrinsic" : 
			{
				"height" : 1080,
				"intrinsic_matrix" : 
				[
					935.30743608719399,
					0.0,
					0.0,
					0.0,
					935.30743608719399,
					0.0,
					959.5,
					539.5,
					1.0
				],
				"width" : 1920
			},
			"version_major" : 1,
			"version_minor" : 0
		},
		{
			"class_name" : "PinholeCameraParameters",
			"extrinsic" : 
			[
				0.99950835717352016,
				-0.0027474737151230878,
				-0.031232920588307105,
				0.0,
				0.0016099521357355417,
				-0.9903416874978791,
				0.13863891970862269,
				0.0,
				-0.031312170068703807,
				-0.13862104238548342,
				-0.98985036981028129,
				0.0,
				0.02681811255751973,
				0.056823742951110964,
				0.37235903239220347,
				1.0
			],
			"intrinsic" : 
			{
				"height" : 1080,
				"intrinsic_matrix" : 
				[
					935.30743608719399,
					0.0,
					0.0,
					0.0,
					935.30743608719399,
					0.0,
					959.5,
					539.5,
					1.0
				],
				"width" : 1920
			},
			"version_major" : 1,
			"version_minor" : 0
		},
		{
			"class_name" : "PinholeCameraParameters",
			"extrinsic" : 
			[
				0.99968770181382283,
				-0.0028842570378213475,
				-0.024822971287442278,
				0.0,
				0.00071014908711823947,
				-0.98963721281871098,
				0.14358858830940327,
				0.0,
				-0.024979882515165495,
				-0.14356137386411782,
				-0.98932610265967191,
				0.0,
				0.029268414274513068,
				0.054911915350727696,
				0.37225956165373952,
				1.0
			],
			"intrinsic" : 
			{
				"height" : 1080,
				"intrinsic_matrix" : 
				[
					935.30743608719399,
					0.0,
					0.0,
					0.0,
					935.30743608719399,
					0.0,
					959.5,
					539.5,
					1.0
				],
				"width" : 1920
			},
			"version_major" : 1,
			"version_minor" : 0
		},
		{
			"class_name" : "PinholeCameraParameters",
			"extrinsic" : 
			[
				0.99992474163526701,
				-0.0030734354527120885,
				-0.011877081298150068,
				0.0,
				-0.0011967296900974506,
				-0.98793021849127283,
				0.15489496838127037,
				0.0,
				-0.012209787209189723,
				-0.1548690975834234,
				-0.98785954655001562,
				0.0,
				0.034215124954156975,
				0.050530458182532226,
				0.37206647004686916,
				1.0
			],
			"intrinsic" : 
			{
				"height" : 1080,
				"intrinsic_matrix" : 
				[
					935.30743608719399,
					0.0,
					0.0,
					0.0,
					935.30743608719399,
					0.0,
					959.5,
					539.5,
					1.0
				],
				"width" : 1920
			},
			"version_major" : 1,
			"version_minor" : 0
		},
		{
			"class_name" : "PinholeCameraParameters",
			"extrinsic" : 
			[
				0.99999507814761968,
				-0.0030817294715664895,
				-0.00058874782386125139,
				0.0,
				-0.0029480950490161704,
				-0.98715223818691999,
				0.15975533599268754,
				0.0,
				-0.0010735064592209847,
				-0.15975281401596217,
				-0.98715646480072428,
				0.0,
				0.03853335466813957,
				0.048636521739040338,
				0.37223133001563047,
				1.0
			],
			"intrinsic" : 
			{
				"height" : 1080,
				"intrinsic_matrix" : 
				[
					935.30743608719399,
					0.0,
					0.0,
					0.0,
					935.30743608719399,
					0.0,
					959.5,
					539.5,
					1.0
				],
				"width" : 1920
			},
			"version_major" : 1,
			"version_minor" : 0
		},
		{
			"class_name" : "PinholeCameraParameters",
			"extrinsic" : 
			[
				0.99980908030288862,
				-0.0030126708946883892,
				0.019306132651891295,
				0.0,
				-0.0061863875673910836,
				-0.98602047155999872,
				0.16650933389292014,
				0.0,
				0.018534604197504589,
				-0.16659697920033914,
				-0.98585085837999031,
				0.0,
				0.046141577887619065,
				0.045980890597422185,
				0.37274459611579763,
				1.0
			],
			"intrinsic" : 
			{
				"height" : 1080,
				"intrinsic_matrix" : 
				[
					935.30743608719399,
					0.0,
					0.0,
					0.0,
					935.30743608719399,
					0.0,
					959.5,
					539.5,
					1.0
				],
				"width" : 1920
			},
			"version_major" : 1,
			"version_minor" : 0
		},
		{
			"class_name" : "PinholeCameraParameters",
			"extrinsic" : 
			[
				0.99947033917872952,
				-0.003012670894688387,
				0.032403162130196707,
				0.0,
				-0.0083673266603834714,
				-0.98602047155999861,
				0.16641399433087467,
				0.0,
				0.031448830606462183,
				-0.16659697920033917,
				-0.98552342314873875,
				0.0,
				0.051149394290176738,
				0.04598089059742215,
				0.37338193710884204,
				1.0
			],
			"intrinsic" : 
			{
				"height" : 1080,
				"intrinsic_matrix" : 
				[
					935.30743608719399,
					0.0,
					0.0,
					0.0,
					935.30743608719399,
					0.0,
					959.5,
					539.5,
					1.0
				],
				"width" : 1920
			},
			"version_major" : 1,
			"version_minor" : 0
		},
		{
			"class_name" : "PinholeCameraParameters",
			"extrinsic" : 
			[
				0.99402962779296877,
				-0.0020470875268626706,
				0.10909128518094126,
				0.0,
				-0.021230212985540124,
				-0.98434367202702977,
				0.17497660814215069,
				0.0,
				0.10702512380913508,
				-0.17624796388327585,
				-0.97851023402958792,
				0.0,
				0.080333376305105356,
				0.042260851768756463,
				0.3780038693195451,
				1.0
			],
			"intrinsic" : 
			{
				"height" : 1080,
				"intrinsic_matrix" : 
				[
					935.30743608719399,
					0.0,
					0.0,
					0.0,
					935.30743608719399,
					0.0,
					959.5,
					539.5,
					1.0
				],
				"width" : 1920
			},
			"version_major" : 1,
			"version_minor" : 0
		},
		{
			"class_name" : "PinholeCameraParameters",
			"extrinsic" : 
			[
				0.98741029400724711,
				-0.0011038560491596556,
				0.15817614482071807,
				0.0,
				-0.030011933447062232,
				-0.98311923248998279,
				0.18048783493376067,
				0.0,
				0.15530677750597735,
				-0.18296271808794837,
				-0.97077517925139545,
				0.0,
				0.098917784210341114,
				0.039676764579340301,
				0.3821609777041825,
				1.0
			],
			"intrinsic" : 
			{
				"height" : 1080,
				"intrinsic_matrix" : 
				[
					935.30743608719399,
					0.0,
					0.0,
					0.0,
					935.30743608719399,
					0.0,
					959.5,
					539.5,
					1.0
				],
				"width" : 1920
			},
			"version_major" : 1,
			"version_minor" : 0
		},
		{
			"class_name" : "PinholeCameraParameters",
			"extrinsic" : 
			[
				0.9829443435182782,
				-0.0011038560491596627,
				0.18389997022088952,
				0.0,
				-0.03471359364264083,
				-0.9831192324899829,
				0.17964281539967286,
				0.0,
				0.18059729777002459,
				-0.18296271808794837,
				-0.96638980739039004,
				0.0,
				0.10862508359086684,
				0.039676764579340273,
				0.38487053891346501,
				1.0
			],
			"intrinsic" : 
			{
				"height" : 1080,
				"intrinsic_matrix" : 
				[
					935.30743608719399,
					0.0,
					0.0,
					0.0,
					935.30743608719399,
					0.0,
					959.5,
					539.5,
					1.0
				],
				"width" : 1920
			},
			"version_major" : 1,
			"version_minor" : 0
		},
		{
			"class_name" : "PinholeCameraParameters",
			"extrinsic" : 
			[
				0.98068058214587817,
				-0.0011038560491596627,
				0.19561282499837379,
				0.0,
				-0.036854155313672032,
				-0.98311923248998279,
				0.17921591989670754,
				0.0,
				0.19211290180031482,
				-0.18296271808794842,
				-0.96416662291936484,
				0.0,
				0.11303621701997422,
				0.03967676457934026,
				0.3861927296179678,
				1.0
			],
			"intrinsic" : 
			{
				"height" : 1080,
				"intrinsic_matrix" : 
				[
					935.30743608719399,
					0.0,
					0.0,
					0.0,
					935.30743608719399,
					0.0,
					959.5,
					539.5,
					1.0
				],
				"width" : 1920
			},
			"version_major" : 1,
			"version_minor" : 0
		},
		{
			"class_name" : "PinholeCameraParameters",
			"extrinsic" : 
			[
				0.97044303430701739,
				-0.0011038560491596974,
				0.24132778262523333,
				0.0,
				-0.045207188383227619,
				-0.98311923248998279,
				0.17729321709188633,
				0.0,
				0.23705827824286693,
				-0.18296271808794845,
				-0.9541111132915272,
				0.0,
				0.13019855559058491,
				0.039676764579340246,
				0.39189173670778277,
				1.0
			],
			"intrinsic" : 
			{
				"height" : 1080,
				"intrinsic_matrix" : 
				[
					935.30743608719399,
					0.0,
					0.0,
					0.0,
					935.30743608719399,
					0.0,
					959.5,
					539.5,
					1.0
				],
				"width" : 1920
			},
			"version_major" : 1,
			"version_minor" : 0
		},
		{
			"class_name" : "PinholeCameraParameters",
			"extrinsic" : 
			[
				0.96703712486599624,
				-0.0011038560491596835,
				0.25463303130727249,
				0.0,
				-0.047637859640461806,
				-0.98311923248998279,
				0.17665562271601504,
				0.0,
				0.25013962792765032,
				-0.18296271808794851,
				-0.95076538132711097,
				0.0,
				0.13517714325754393,
				0.039676764579340232,
				0.39371415003708954,
				1.0
			],
			"intrinsic" : 
			{
				"height" : 1080,
				"intrinsic_matrix" : 
				[
					935.30743608719399,
					0.0,
					0.0,
					0.0,
					935.30743608719399,
					0.0,
					959.5,
					539.5,
					1.0
				],
				"width" : 1920
			},
			"version_major" : 1,
			"version_minor" : 0
		},
		{
			"class_name" : "PinholeCameraParameters",
			"extrinsic" : 
			[
				0.96629904826677004,
				-0.0011038560491596558,
				0.25741975608052547,
				0.0,
				-0.048146926022789922,
				-0.98311923248998279,
				0.17651755783168815,
				0.0,
				0.25287946305164938,
				-0.18296271808794851,
				-0.95004032596336641,
				0.0,
				0.13621893050440229,
				0.039676764579340246,
				0.39410534230495597,
				1.0
			],
			"intrinsic" : 
			{
				"height" : 1080,
				"intrinsic_matrix" : 
				[
					935.30743608719399,
					0.0,
					0.0,
					0.0,
					935.30743608719399,
					0.0,
					959.5,
					539.5,
					1.0
				],
				"width" : 1920
			},
			"version_major" : 1,
			"version_minor" : 0
		},
		{
			"class_name" : "PinholeCameraParameters",
			"extrinsic" : 
			[
				0.95963261556443458,
				-0.0011038560491595933,
				0.281254377115779,
				0.0,
				-0.052500543816695791,
				-0.98311923248998279,
				0.17527198180901188,
				0.0,
				0.27631311232714473,
				-0.18296271808794848,
				-0.94349123352893782,
				0.0,
				0.14511557617076667,
				0.039676764579340232,
				0.39758703455638489,
				1.0
			],
			"intrinsic" : 
			{
				"height" : 1080,
				"intrinsic_matrix" : 
				[
					935.30743608719399,
					0.0,
					0.0,
					0.0,
					935.30743608719399,
					0.0,
					959.5,
					539.5,
					1.0
				],
				"width" : 1920
			},
			"version_major" : 1,
			"version_minor" : 0
		},
		{
			"class_name" : "PinholeCameraParameters",
			"extrinsic" : 
			[
				0.94933812593598044,
				-0.0011038560491595933,
				0.31425452128200726,
				0.0,
				-0.05852717542630792,
				-0.98311923248998279,
				0.17335265918042783,
				0.0,
				0.30875830738779975,
				-0.18296271808794853,
				-0.93337717532029407,
				0.0,
				0.15739225107233676,
				0.039676764579340246,
				0.40281645043658248,
				1.0
			],
			"intrinsic" : 
			{
				"height" : 1080,
				"intrinsic_matrix" : 
				[
					935.30743608719399,
					0.0,
					0.0,
					0.0,
					935.30743608719399,
					0.0,
					959.5,
					539.5,
					1.0
				],
				"width" : 1920
			},
			"version_major" : 1,
			"version_minor" : 0
		},
		{
			"class_name" : "PinholeCameraParameters",
			"extrinsic" : 
			[
				0.94844310340604454,
				-0.0011038560491595933,
				0.31694551756308859,
				0.0,
				-0.059018556720766259,
				-0.98311923248998279,
				0.17318598289383899,
				0.0,
				0.311404061572917,
				-0.18296271808794856,
				-0.93249780387181658,
				0.0,
				0.1583912048664754,
				0.039676764579340218,
				0.40326422180897237,
				1.0
			],
			"intrinsic" : 
			{
				"height" : 1080,
				"intrinsic_matrix" : 
				[
					935.30743608719399,
					0.0,
					0.0,
					0.0,
					935.30743608719399,
					0.0,
					959.5,
					539.5,
					1.0
				],
				"width" : 1920
			},
			"version_major" : 1,
			"version_minor" : 0
		},
		{
			"class_name" : "PinholeCameraParameters",
			"extrinsic" : 
			[
				0.94754045298819767,
				-0.0011038560491596139,
				0.31963396479839884,
				0.0,
				-0.059509463356350815,
				-0.98311923248998268,
				0.17301791375272835,
				0.0,
				0.3140473112796231,
				-0.18296271808794856,
				-0.93161093277607554,
				0.0,
				0.15938888479362881,
				0.039676764579340211,
				0.40371482434748185,
				1.0
			],
			"intrinsic" : 
			{
				"height" : 1080,
				"intrinsic_matrix" : 
				[
					935.30743608719399,
					0.0,
					0.0,
					0.0,
					935.30743608719399,
					0.0,
					959.5,
					539.5,
					1.0
				],
				"width" : 1920
			},
			"version_major" : 1,
			"version_minor" : 0
		},
		{
			"class_name" : "PinholeCameraParameters",
			"extrinsic" : 
			[
				0.92934940074812278,
				-0.0011038560491596348,
				0.36919977360627948,
				0.0,
				-0.068558428154086984,
				-0.98311923248998268,
				0.16963583535723897,
				0.0,
				0.36278014452026747,
				-0.18296271808794851,
				-0.91373694821415852,
				0.0,
				0.17772282129939226,
				0.039676764579340218,
				0.41261743221114633,
				1.0
			],
			"intrinsic" : 
			{
				"height" : 1080,
				"intrinsic_matrix" : 
				[
					935.30743608719399,
					0.0,
					0.0,
					0.0,
					935.30743608719399,
					0.0,
					959.5,
					539.5,
					1.0
				],
				"width" : 1920
			},
			"version_major" : 1,
			"version_minor" : 0
		},
		{
			"class_name" : "PinholeCameraParameters",
			"extrinsic" : 
			[
				0.91503400044873673,
				-0.0011038560491596486,
				0.40337520935799248,
				0.0,
				-0.074795730982258044,
				-0.98311923248998268,
				0.16697955963272001,
				0.0,
				0.39638160483252904,
				-0.18296271808794859,
				-0.89967008794349657,
				0.0,
				0.19029547938522404,
				0.039676764579340218,
				0.41943661404846944,
				1.0
			],
			"intrinsic" : 
			{
				"height" : 1080,
				"intrinsic_matrix" : 
				[
					935.30743608719399,
					0.0,
					0.0,
					0.0,
					935.30743608719399,
					0.0,
					959.5,
					539.5,
					1.0
				],
				"width" : 1920
			},
			"version_major" : 1,
			"version_minor" : 0
		},
		{
			"class_name" : "PinholeCameraParameters",
			"extrinsic" : 
			[
				0.89970822401237693,
				-0.0045542201635600799,
				0.43646806380673103,
				0.0,
				-0.080740978339153488,
				-0.98442577481191873,
				0.15616269817978318,
				0.0,
				0.42895921258475278,
				-0.17574172232186508,
				-0.88606367771961714,
				0.0,
				0.20241804119556425,
				0.042360504290333001,
				0.42693560258235952,
				1.0
			],
			"intrinsic" : 
			{
				"height" : 1080,
				"intrinsic_matrix" : 
				[
					935.30743608719399,
					0.0,
					0.0,
					0.0,
					935.30743608719399,
					0.0,
					959.5,
					539.5,
					1.0
				],
				"width" : 1920
			},
			"version_major" : 1,
			"version_minor" : 0
		},
		{
			"class_name" : "PinholeCameraParameters",
			"extrinsic" : 
			[
				0.89689713760962031,
				-0.0059902593066750859,
				0.44219864466222503,
				0.0,
				-0.081733480892514629,
				-0.98492802203694696,
				0.15243500092688836,
				0.0,
				0.43462071125161872,
				-0.17286095047704181,
				-0.88386872846102593,
				0.0,
				0.20451460938474661,
				0.043426791087925055,
				0.4283772143761308,
				1.0
			],
			"intrinsic" : 
			{
				"height" : 1080,
				"intrinsic_matrix" : 
				[
					935.30743608719399,
					0.0,
					0.0,
					0.0,
					935.30743608719399,
					0.0,
					959.5,
					539.5,
					1.0
				],
				"width" : 1920
			},
			"version_major" : 1,
			"version_minor" : 0
		},
		{
			"class_name" : "PinholeCameraParameters",
			"extrinsic" : 
			[
				0.88883609772382932,
				-0.010145563339567841,
				0.45811293250420065,
				0.0,
				-0.084390092013577486,
				-0.98627832854672082,
				0.14189211045377598,
				0.0,
				0.45038728196188599,
				-0.16477902228017208,
				-0.87749596583880396,
				0.0,
				0.21033257494262644,
				0.046406923858821766,
				0.43250420090729602,
				1.0
			],
			"intrinsic" : 
			{
				"height" : 1080,
				"intrinsic_matrix" : 
				[
					935.30743608719399,
					0.0,
					0.0,
					0.0,
					935.30743608719399,
					0.0,
					959.5,
					539.5,
					1.0
				],
				"width" : 1920
			},
			"version_major" : 1,
			"version_minor" : 0
		},
		{
			"class_name" : "PinholeCameraParameters",
			"extrinsic" : 
			[
				0.86849562123761914,
				-0.017931608479043373,
				0.49537239861384741,
				0.0,
				-0.090094544586553291,
				-0.98841076882064149,
				0.12217661443635618,
				0.0,
				0.48744059015107039,
				-0.15074020530947532,
				-0.8600459648044595,
				0.0,
				0.2238926693449208,
				0.051538371901093574,
				0.44256024318281262,
				1.0
			],
			"intrinsic" : 
			{
				"height" : 1080,
				"intrinsic_matrix" : 
				[
					935.30743608719399,
					0.0,
					0.0,
					0.0,
					935.30743608719399,
					0.0,
					959.5,
					539.5,
					1.0
				],
				"width" : 1920
			},
			"version_major" : 1,
			"version_minor" : 0
		},
		{
			"class_name" : "PinholeCameraParameters",
			"extrinsic" : 
			[
				0.85464871551587196,
				-0.019886301852744852,
				0.51882570104582504,
				0.0,
				-0.093336868530329353,
				-0.98887174603801298,
				0.11584860318831476,
				0.0,
				0.51074827659035948,
				-0.14743542615787128,
				-0.84699409270290937,
				0.0,
				0.23234395087016588,
				0.052737143322916319,
				0.44899097629964013,
				1.0
			],
			"intrinsic" : 
			{
				"height" : 1080,
				"intrinsic_matrix" : 
				[
					935.30743608719399,
					0.0,
					0.0,
					0.0,
					935.30743608719399,
					0.0,
					959.5,
					539.5,
					1.0
				],
				"width" : 1920
			},
			"version_major" : 1,
			"version_minor" : 0
		},
		{
			"class_name" : "PinholeCameraParameters",
			"extrinsic" : 
			[
				0.84292492856400292,
				-0.024396564331597422,
				0.53747778787051748,
				0.0,
				-0.095825651213101215,
				-0.98980694109489431,
				0.1053549425985968,
				0.0,
				0.52942894648380889,
				-0.14031046649905626,
				-0.83667076177900568,
				0.0,
				0.23908132157194126,
				0.055303801041697756,
				0.45468128208334185,
				1.0
			],
			"intrinsic" : 
			{
				"height" : 1080,
				"intrinsic_matrix" : 
				[
					935.30743608719399,
					0.0,
					0.0,
					0.0,
					935.30743608719399,
					0.0,
					959.5,
					539.5,
					1.0
				],
				"width" : 1920
			},
			"version_major" : 1,
			"version_minor" : 0
		},
		{
			"class_name" : "PinholeCameraParameters",
			"extrinsic" : 
			[
				0.83761943644945736,
				-0.028831006247955322,
				0.54549285307951001,
				0.0,
				-0.096834721395918963,
				-0.99062741389918862,
				0.096334643631356506,
				0.0,
				0.53760274963421495,
				-0.13351441836047542,
				-0.83256061861920649,
				0.0,
				0.24201376646131503,
				0.057739040121112889,
				0.45749893169694289,
				1.0
			],
			"intrinsic" : 
			{
				"height" : 1080,
				"intrinsic_matrix" : 
				[
					935.30743608719399,
					0.0,
					0.0,
					0.0,
					935.30743608719399,
					0.0,
					959.5,
					539.5,
					1.0
				],
				"width" : 1920
			},
			"version_major" : 1,
			"version_minor" : 0
		},
		{
			"class_name" : "PinholeCameraParameters",
			"extrinsic" : 
			[
				0.81697352931634892,
				-0.049465211990326372,
				0.57454977608484104,
				0.0,
				-0.099866306899159055,
				-0.99339666328363252,
				0.056478226984107663,
				0.0,
				0.56796212298243254,
				-0.10351938069606814,
				-0.81651868605537181,
				0.0,
				0.25279093124619889,
				0.068353054972594335,
				0.46891865766197638,
				1.0
			],
			"intrinsic" : 
			{
				"height" : 1080,
				"intrinsic_matrix" : 
				[
					935.30743608719399,
					0.0,
					0.0,
					0.0,
					935.30743608719399,
					0.0,
					959.5,
					539.5,
					1.0
				],
				"width" : 1920
			},
			"version_major" : 1,
			"version_minor" : 0
		},
		{
			"class_name" : "PinholeCameraParameters",
			"extrinsic" : 
			[
				0.80421092036101061,
				-0.06110992642796538,
				0.59119402268972998,
				0.0,
				-0.10090129404627918,
				-0.994298775639328,
				0.034480046721544588,
				0.0,
				0.58571641980730105,
				-0.087381472029843116,
				-0.80579200412638463,
				0.0,
				0.25898620442763276,
				0.073978372290856492,
				0.47593849594843973,
				1.0
			],
			"intrinsic" : 
			{
				"height" : 1080,
				"intrinsic_matrix" : 
				[
					935.30743608719399,
					0.0,
					0.0,
					0.0,
					935.30743608719399,
					0.0,
					959.5,
					539.5,
					1.0
				],
				"width" : 1920
			},
			"version_major" : 1,
			"version_minor" : 0
		},
		{
			"class_name" : "PinholeCameraParameters",
			"extrinsic" : 
			[
				0.79056188237882574,
				-0.074836447651572865,
				0.60779224759167594,
				0.0,
				-0.10146942308367626,
				-0.99479334484436177,
				0.0094951162411395472,
				0.0,
				0.60391710218267014,
				-0.069178805686859315,
				-0.79403931044692377,
				0.0,
				0.26526152456815688,
				0.080243394002702501,
				0.48366302961523677,
				1.0
			],
			"intrinsic" : 
			{
				"height" : 1080,
				"intrinsic_matrix" : 
				[
					935.30743608719399,
					0.0,
					0.0,
					0.0,
					935.30743608719399,
					0.0,
					959.5,
					539.5,
					1.0
				],
				"width" : 1920
			},
			"version_major" : 1,
			"version_minor" : 0
		},
		{
			"class_name" : "PinholeCameraParameters",
			"extrinsic" : 
			[
				0.77811894713162388,
				-0.08732052802243738,
				0.62201770834973491,
				0.0,
				-0.10149533863766465,
				-0.99475520462650924,
				-0.01267987000317475,
				0.0,
				0.61986256569468612,
				-0.053265450850944251,
				-0.78290049903933945,
				0.0,
				0.27068896970490064,
				0.085650357281451109,
				0.49076143225518243,
				1.0
			],
			"intrinsic" : 
			{
				"height" : 1080,
				"intrinsic_matrix" : 
				[
					935.30743608719399,
					0.0,
					0.0,
					0.0,
					935.30743608719399,
					0.0,
					959.5,
					539.5,
					1.0
				],
				"width" : 1920
			},
			"version_major" : 1,
			"version_minor" : 0
		},
		{
			"class_name" : "PinholeCameraParameters",
			"extrinsic" : 
			[
				0.77617662421935896,
				-0.090257726196388277,
				0.62402194743237838,
				0.0,
				-0.10145081042905976,
				-0.99468340237196273,
				-0.017682254070768056,
				0.0,
				0.62230023387327049,
				-0.049582980019297146,
				-0.78120672489020404,
				0.0,
				0.27151184286532459,
				0.086892820603359497,
				0.49201292588139317,
				1.0
			],
			"intrinsic" : 
			{
				"height" : 1080,
				"intrinsic_matrix" : 
				[
					935.30743608719399,
					0.0,
					0.0,
					0.0,
					935.30743608719399,
					0.0,
					959.5,
					539.5,
					1.0
				],
				"width" : 1920
			},
			"version_major" : 1,
			"version_minor" : 0
		},
		{
			"class_name" : "PinholeCameraParameters",
			"extrinsic" : 
			[
				0.76554571420254769,
				-0.11147926880287791,
				0.63364984975401595,
				0.0,
				-0.10088704118606966,
				-0.99349052100429625,
				-0.052899807138895596,
				0.0,
				0.63542235118606871,
				-0.023429837852357398,
				-0.77180922403880403,
				0.0,
				0.27589922505293152,
				0.095628262815072321,
				0.49971479157636878,
				1.0
			],
			"intrinsic" : 
			{
				"height" : 1080,
				"intrinsic_matrix" : 
				[
					935.30743608719399,
					0.0,
					0.0,
					0.0,
					935.30743608719399,
					0.0,
					959.5,
					539.5,
					1.0
				],
				"width" : 1920
			},
			"version_major" : 1,
			"version_minor" : 0
		},
		{
			"class_name" : "PinholeCameraParameters",
			"extrinsic" : 
			[
				0.75432852880238022,
				-0.13088096725923384,
				0.64331846160678785,
				0.0,
				-0.099744864439422196,
				-0.99139805925657765,
				-0.084739896862413858,
				0.0,
				0.64887551398769705,
				-0.00024599101325660505,
				-0.76089454383352195,
				0.0,
				0.28032333470400173,
				0.10323601722352609,
				0.50761085344030898,
				1.0
			],
			"intrinsic" : 
			{
				"height" : 1080,
				"intrinsic_matrix" : 
				[
					935.30743608719399,
					0.0,
					0.0,
					0.0,
					935.30743608719399,
					0.0,
					959.5,
					539.5,
					1.0
				],
				"width" : 1920
			},
			"version_major" : 1,
			"version_minor" : 0
		},
		{
			"class_name" : "PinholeCameraParameters",
			"extrinsic" : 
			[
				0.75077974675459347,
				-0.14663489692794399,
				0.64407140820412123,
				0.0,
				-0.099233345114562374,
				-0.98902151634022761,
				-0.10949512972480148,
				0.0,
				0.65305628783473391,
				0.018293365436906073,
				-0.75708839490544899,
				0.0,
				0.28167864988795588,
				0.10923357638366302,
				0.51175569745140959,
				1.0
			],
			"intrinsic" : 
			{
				"height" : 1080,
				"intrinsic_matrix" : 
				[
					935.30743608719399,
					0.0,
					0.0,
					0.0,
					935.30743608719399,
					0.0,
					959.5,
					539.5,
					1.0
				],
				"width" : 1920
			},
			"version_major" : 1,
			"version_minor" : 0
		},
		{
			"class_name" : "PinholeCameraParameters",
			"extrinsic" : 
			[
				0.75077974675459336,
				-0.15191330234834272,
				0.64284688723888961,
				0.0,
				-0.099233345114562388,
				-0.98809004811241141,
				-0.11760442184963467,
				0.0,
				0.65305628783473391,
				0.024503171036290169,
				-0.75691286125199619,
				0.0,
				0.28167864988795593,
				0.11122760690009471,
				0.51265993784410069,
				1.0
			],
			"intrinsic" : 
			{
				"height" : 1080,
				"intrinsic_matrix" : 
				[
					935.30743608719399,
					0.0,
					0.0,
					0.0,
					935.30743608719399,
					0.0,
					959.5,
					539.5,
					1.0
				],
				"width" : 1920
			},
			"version_major" : 1,
			"version_minor" : 0
		},
		{
			"class_name" : "PinholeCameraParameters",
			"extrinsic" : 
			[
				0.75077974675459336,
				-0.15991678297389794,
				0.64090279636337055,
				0.0,
				-0.099233345114562388,
				-0.98654689792378358,
				-0.12991520855671262,
				0.0,
				0.65305628783473402,
				0.033938779003364436,
				-0.75654850749920732,
				0.0,
				0.28167864988795593,
				0.11424415437522623,
				0.51406563156775031,
				1.0
			],
			"intrinsic" : 
			{
				"height" : 1080,
				"intrinsic_matrix" : 
				[
					935.30743608719399,
					0.0,
					0.0,
					0.0,
					935.30743608719399,
					0.0,
					959.5,
					539.5,
					1.0
				],
				"width" : 1920
			},
			"version_major" : 1,
			"version_minor" : 0
		},
		{
			"class_name" : "PinholeCameraParameters",
			"extrinsic" : 
			[
				0.75077974675459336,
				-0.17987358883013124,
				0.63559048443512545,
				0.0,
				-0.099233345114562416,
				-0.98200352456725071,
