{
	"class_name" : "PinholeCameraTrajectory",
	"parameters" : 
	[
		{
			"class_name" : "PinholeCameraParameters",
			"extrinsic" : 
			[
				1.0,
				-0.0,
				-0.0,
				0.0,
				0.0,
				-1.0,
				-0.0,
				0.0,
				0.0,
				-0.0,
				-1.0,
				0.0,
				0.038608804349976156,
				0.034259421996687855,
				1.4430292981585269,
				1.0
			],
			"intrinsic" : 
			{
				"height" : 989,
				"intrinsic_matrix" : 
				[
					856.49912434281009,
					0.0,
					0.0,
					0.0,
					856.49912434281009,
					0.0,
					959.5,
					494.0,
					1.0
				],
				"width" : 1920
			},
			"version_major" : 1,
			"version_minor" : 0
		},
		{
			"class_name" : "PinholeCameraParameters",
			"extrinsic" : 
			[
				1.0,
				-0.0,
				-0.0,
				0.0,
				0.0,
				-1.0,
				-0.0,
				0.0,
				0.0,
				-0.0,
				-1.0,
				0.0,
				0.038608804349976156,
				0.034259421996687855,
				1.4430292981585269,
				1.0
			],
			"intrinsic" : 
			{
				"height" : 989,
				"intrinsic_matrix" : 
				[
					856.49912434281009,
					0.0,
					0.0,
					0.0,
					856.49912434281009,
					0.0,
					959.5,
					494.0,
					1.0
				],
				"width" : 1920
			},
			"version_major" : 1,
			"version_minor" : 0
		},
		{
			"class_name" : "PinholeCameraParameters",
			"extrinsic" : 
			[
				1.0,
				-0.0,
				-0.0,
				0.0,
				0.0,
				-1.0,
				-0.0,
				0.0,
				0.0,
				-0.0,
				-1.0,
				0.0,
				0.038608804349976156,
				0.034259421996687855,
				1.4430292981585269,
				1.0
			],
			"intrinsic" : 
			{
				"height" : 989,
				"intrinsic_matrix" : 
				[
					856.49912434281009,
					0.0,
					0.0,
					0.0,
					856.49912434281009,
					0.0,
					959.5,
					494.0,
					1.0
				],
				"width" : 1920
			},
			"version_major" : 1,
			"version_minor" : 0
		},
		{
			"class_name" : "PinholeCameraParameters",
			"extrinsic" : 
			[
				1.0,
				-0.0,
				-0.0,
				0.0,
				0.0,
				-1.0,
				-0.0,
				0.0,
				0.0,
				-0.0,
				-1.0,
				0.0,
				0.038608804349976156,
				0.034259421996687855,
				1.4430292981585269,
				1.0
			],
			"intrinsic" : 
			{
				"height" : 989,
				"intrinsic_matrix" : 
				[
					856.49912434281009,
					0.0,
					0.0,
					0.0,
					856.49912434281009,
					0.0,
					959.5,
					494.0,
					1.0
				],
				"width" : 1920
			},
			"version_major" : 1,
			"version_minor" : 0
		},
		{
			"class_name" : "PinholeCameraParameters",
			"extrinsic" : 
			[
				1.0,
				-0.0,
				-0.0,
				0.0,
				0.0,
				-1.0,
				-0.0,
				0.0,
				0.0,
				-0.0,
				-1.0,
				0.0,
				0.038608804349976156,
				0.034259421996687855,
				1.4430292981585269,
				1.0
			],
			"intrinsic" : 
			{
				"height" : 989,
				"intrinsic_matrix" : 
				[
					856.49912434281009,
					0.0,
					0.0,
					0.0,
					856.49912434281009,
					0.0,
					959.5,
					494.0,
					1.0
				],
				"width" : 1920
			},
			"version_major" : 1,
			"version_minor" : 0
		},
		{
			"class_name" : "PinholeCameraParameters",
			"extrinsic" : 
			[
				1.0,
				-0.0,
				-0.0,
				0.0,
				0.0,
				-1.0,
				-0.0,
				0.0,
				0.0,
				-0.0,
				-1.0,
				0.0,
				0.038608804349976156,
				0.034259421996687855,
				1.4430292981585269,
				1.0
			],
			"intrinsic" : 
			{
				"height" : 989,
				"intrinsic_matrix" : 
				[
					856.49912434281009,
					0.0,
					0.0,
					0.0,
					856.49912434281009,
					0.0,
					959.5,
					494.0,
					1.0
				],
				"width" : 1920
			},
			"version_major" : 1,
			"version_minor" : 0
		},
		{
			"class_name" : "PinholeCameraParameters",
			"extrinsic" : 
			[
				1.0,
				-0.0,
				-0.0,
				0.0,
				0.0,
				-1.0,
				-0.0,
				0.0,
				0.0,
				-0.0,
				-1.0,
				0.0,
				0.038608804349976156,
				0.034259421996687855,
				1.4430292981585269,
				1.0
			],
			"intrinsic" : 
			{
				"height" : 989,
				"intrinsic_matrix" : 
				[
					856.49912434281009,
					0.0,
					0.0,
					0.0,
					856.49912434281009,
					0.0,
					959.5,
					494.0,
					1.0
				],
				"width" : 1920
			},
			"version_major" : 1,
			"version_minor" : 0
		},
		{
			"class_name" : "PinholeCameraParameters",
			"extrinsic" : 
			[
				1.0,
				-0.0,
				-0.0,
				0.0,
				0.0,
				-1.0,
				-0.0,
				0.0,
				0.0,
				-0.0,
				-1.0,
				0.0,
				0.038608804349976156,
				0.034259421996687855,
				1.4430292981585269,
				1.0
			],
			"intrinsic" : 
			{
				"height" : 989,
				"intrinsic_matrix" : 
				[
					856.49912434281009,
					0.0,
					0.0,
					0.0,
					856.49912434281009,
					0.0,
					959.5,
					494.0,
					1.0
				],
				"width" : 1920
			},
			"version_major" : 1,
			"version_minor" : 0
		},
		{
			"class_name" : "PinholeCameraParameters",
			"extrinsic" : 
			[
				1.0,
				-0.0,
				-0.0,
				0.0,
				0.0,
				-1.0,
				-0.0,
				0.0,
				0.0,
				-0.0,
				-1.0,
				0.0,
				0.038608804349976156,
				0.034259421996687855,
				1.4430292981585269,
				1.0
			],
			"intrinsic" : 
			{
				"height" : 989,
				"intrinsic_matrix" : 
				[
					856.49912434281009,
					0.0,
					0.0,
					0.0,
					856.49912434281009,
					0.0,
					959.5,
					494.0,
					1.0
				],
				"width" : 1920
			},
			"version_major" : 1,
			"version_minor" : 0
		},
		{
			"class_name" : "PinholeCameraParameters",
			"extrinsic" : 
			[
				1.0,
				-0.0,
				-0.0,
				0.0,
				0.0,
				-1.0,
				-0.0,
				0.0,
				0.0,
				-0.0,
				-1.0,
				0.0,
				0.038608804349976156,
				0.034259421996687855,
				1.4430292981585269,
				1.0
			],
			"intrinsic" : 
			{
				"height" : 989,
				"intrinsic_matrix" : 
				[
					856.49912434281009,
					0.0,
					0.0,
					0.0,
					856.49912434281009,
					0.0,
					959.5,
					494.0,
					1.0
				],
				"width" : 1920
			},
			"version_major" : 1,
			"version_minor" : 0
		},
		{
			"class_name" : "PinholeCameraParameters",
			"extrinsic" : 
			[
				1.0,
				-0.0,
				-0.0,
				0.0,
				0.0,
				-1.0,
				-0.0,
				0.0,
				0.0,
				-0.0,
				-1.0,
				0.0,
				0.038608804349976156,
				0.034259421996687855,
				1.4430292981585269,
				1.0
			],
			"intrinsic" : 
			{
				"height" : 989,
				"intrinsic_matrix" : 
				[
					856.49912434281009,
					0.0,
					0.0,
					0.0,
					856.49912434281009,
					0.0,
					959.5,
					494.0,
					1.0
				],
				"width" : 1920
			},
			"version_major" : 1,
			"version_minor" : 0
		},
		{
			"class_name" : "PinholeCameraParameters",
			"extrinsic" : 
			[
				1.0,
				-0.0,
				-0.0,
				0.0,
				0.0,
				-1.0,
				-0.0,
				0.0,
				0.0,
				-0.0,
				-1.0,
				0.0,
				0.038608804349976156,
				0.034259421996687855,
				1.4430292981585269,
				1.0
			],
			"intrinsic" : 
			{
				"height" : 989,
				"intrinsic_matrix" : 
				[
					856.49912434281009,
					0.0,
					0.0,
					0.0,
					856.49912434281009,
					0.0,
					959.5,
					494.0,
					1.0
				],
				"width" : 1920
			},
			"version_major" : 1,
			"version_minor" : 0
		},
		{
			"class_name" : "PinholeCameraParameters",
			"extrinsic" : 
			[
				1.0,
				-0.0,
				-0.0,
				0.0,
				0.0,
				-1.0,
				-0.0,
				0.0,
				0.0,
				-0.0,
				-1.0,
				0.0,
				0.038608804349976156,
				0.034259421996687855,
				1.4430292981585269,
				1.0
			],
			"intrinsic" : 
			{
				"height" : 989,
				"intrinsic_matrix" : 
				[
					856.49912434281009,
					0.0,
					0.0,
					0.0,
					856.49912434281009,
					0.0,
					959.5,
					494.0,
					1.0
				],
				"width" : 1920
			},
			"version_major" : 1,
			"version_minor" : 0
		},
		{
			"class_name" : "PinholeCameraParameters",
			"extrinsic" : 
			[
				1.0,
				-0.0,
				-0.0,
				0.0,
				0.0,
				-1.0,
				-0.0,
				0.0,
				0.0,
				-0.0,
				-1.0,
				0.0,
				0.038608804349976156,
				0.034259421996687855,
				1.4430292981585269,
				1.0
			],
			"intrinsic" : 
			{
				"height" : 989,
				"intrinsic_matrix" : 
				[
					856.49912434281009,
					0.0,
					0.0,
					0.0,
					856.49912434281009,
					0.0,
					959.5,
					494.0,
					1.0
				],
				"width" : 1920
			},
			"version_major" : 1,
			"version_minor" : 0
		},
		{
			"class_name" : "PinholeCameraParameters",
			"extrinsic" : 
			[
				1.0,
				-0.0,
				-0.0,
				0.0,
				0.0,
				-1.0,
				-0.0,
				0.0,
				0.0,
				-0.0,
				-1.0,
				0.0,
				0.038608804349976156,
				0.034259421996687855,
				1.4430292981585269,
				1.0
			],
			"intrinsic" : 
			{
				"height" : 989,
				"intrinsic_matrix" : 
				[
					856.49912434281009,
					0.0,
					0.0,
					0.0,
					856.49912434281009,
					0.0,
					959.5,
					494.0,
					1.0
				],
				"width" : 1920
			},
			"version_major" : 1,
			"version_minor" : 0
		},
		{
			"class_name" : "PinholeCameraParameters",
			"extrinsic" : 
			[
				1.0,
				-0.0,
				-0.0,
				0.0,
				0.0,
				-1.0,
				-0.0,
				0.0,
				0.0,
				-0.0,
				-1.0,
				0.0,
				0.038608804349976156,
				0.034259421996687855,
				1.4430292981585269,
				1.0
			],
			"intrinsic" : 
			{
				"height" : 989,
				"intrinsic_matrix" : 
				[
					856.49912434281009,
					0.0,
					0.0,
					0.0,
					856.49912434281009,
					0.0,
					959.5,
					494.0,
					1.0
				],
				"width" : 1920
			},
			"version_major" : 1,
			"version_minor" : 0
		},
		{
			"class_name" : "PinholeCameraParameters",
			"extrinsic" : 
			[
				1.0,
				-0.0,
				-0.0,
				0.0,
				0.0,
				-1.0,
				-0.0,
				0.0,
				0.0,
				-0.0,
				-1.0,
				0.0,
				0.038608804349976156,
				0.034259421996687855,
				1.4430292981585269,
				1.0
			],
			"intrinsic" : 
			{
				"height" : 989,
				"intrinsic_matrix" : 
				[
					856.49912434281009,
					0.0,
					0.0,
					0.0,
					856.49912434281009,
					0.0,
					959.5,
					494.0,
					1.0
				],
				"width" : 1920
			},
			"version_major" : 1,
			"version_minor" : 0
		},
		{
			"class_name" : "PinholeCameraParameters",
			"extrinsic" : 
			[
				1.0,
				-0.0,
				-0.0,
				0.0,
				0.0,
				-1.0,
				-0.0,
				0.0,
				0.0,
				-0.0,
				-1.0,
				0.0,
				0.038608804349976156,
				0.034259421996687855,
				1.4430292981585269,
				1.0
			],
			"intrinsic" : 
			{
				"height" : 989,
				"intrinsic_matrix" : 
				[
					856.49912434281009,
					0.0,
					0.0,
					0.0,
					856.49912434281009,
					0.0,
					959.5,
					494.0,
					1.0
				],
				"width" : 1920
			},
			"version_major" : 1,
			"version_minor" : 0
		},
		{
			"class_name" : "PinholeCameraParameters",
			"extrinsic" : 
			[
				1.0,
				-0.0,
				-0.0,
				0.0,
				0.0,
				-1.0,
				-0.0,
				0.0,
				0.0,
				-0.0,
				-1.0,
				0.0,
				0.038608804349976156,
				0.034259421996687855,
				1.4430292981585269,
				1.0
			],
			"intrinsic" : 
			{
				"height" : 989,
				"intrinsic_matrix" : 
				[
					856.49912434281009,
					0.0,
					0.0,
					0.0,
					856.49912434281009,
					0.0,
					959.5,
					494.0,
					1.0
				],
				"width" : 1920
			},
			"version_major" : 1,
			"version_minor" : 0
		},
		{
			"class_name" : "PinholeCameraParameters",
			"extrinsic" : 
			[
				0.99986017964238239,
				0.00023200859696143259,
				-0.0167202672680117,
				0.0,
				-5.4210108624275222e-20,
				-0.99990374373175117,
				-0.013874554811902494,
				0.0,
				-0.016721876853475731,
				0.013872614866686908,
				-0.99976393683271947,
				0.0,
				0.03770993579119436,
				0.035006312608239276,
				1.4428716960019703,
				1.0
			],
			"intrinsic" : 
			{
				"height" : 989,
				"intrinsic_matrix" : 
				[
					856.49912434281009,
					0.0,
					0.0,
					0.0,
					856.49912434281009,
					0.0,
					959.5,
					494.0,
					1.0
				],
				"width" : 1920
			},
			"version_major" : 1,
			"version_minor" : 0
		},
		{
			"class_name" : "PinholeCameraParameters",
			"extrinsic" : 
			[
				0.9996179418248512,
				0.00038974535934741737,
				-0.027637266152851444,
				0.0,
				-0.00018748673669810703,
				-0.99978196437581912,
				-0.020880339019089297,
				0.0,
				-0.027639378259509444,
				0.020877543135709432,
				-0.99939991643087722,
				0.0,
				0.037123671058864646,
				0.03538251240115016,
				1.4427096678992695,
				1.0
			],
			"intrinsic" : 
			{
				"height" : 989,
				"intrinsic_matrix" : 
				[
					856.49912434281009,
					0.0,
					0.0,
					0.0,
					856.49912434281009,
					0.0,
					959.5,
					494.0,
					1.0
				],
				"width" : 1920
			},
			"version_major" : 1,
			"version_minor" : 0
		},
		{
			"class_name" : "PinholeCameraParameters",
			"extrinsic" : 
			[
				0.99899304759244656,
				0.00066457205293916758,
				-0.044860329980312981,
				0.0,
				-0.00059117047913042524,
				-0.99960849860804202,
				-0.027973201962608944,
				0.0,
				-0.044861357306937563,
				0.027971554382314121,
				-0.99860154754837871,
				0.0,
				0.036193183279662408,
				0.035766221961783543,
				1.4423303612048888,
				1.0
			],
			"intrinsic" : 
			{
				"height" : 989,
				"intrinsic_matrix" : 
				[
					856.49912434281009,
					0.0,
					0.0,
					0.0,
					856.49912434281009,
					0.0,
					959.5,
					494.0,
					1.0
				],
				"width" : 1920
			},
			"version_major" : 1,
			"version_minor" : 0
		},
		{
			"class_name" : "PinholeCameraParameters",
			"extrinsic" : 
			[
				0.99775929073638958,
				0.0012118548823791216,
				-0.066894911293468473,
				0.0,
				-0.0012823035553417524,
				-0.99930593030219739,
				-0.037229200373524216,
				0.0,
				-0.066893597950842196,
				0.037231560141956332,
				-0.99706522228116412,
				0.0,
				0.034992017750428789,
				0.036271759476608496,
				1.4418788252531924,
				1.0
			],
			"intrinsic" : 
			{
				"height" : 989,
				"intrinsic_matrix" : 
				[
					856.49912434281009,
					0.0,
					0.0,
					0.0,
					856.49912434281009,
					0.0,
					959.5,
					494.0,
					1.0
				],
				"width" : 1920
			},
			"version_major" : 1,
			"version_minor" : 0
		},
		{
			"class_name" : "PinholeCameraParameters",
			"extrinsic" : 
			[
				0.99701191057920591,
				0.0017619790522868533,
				-0.077227880930535051,
				0.0,
				-0.0016975215873443791,
				-0.99899867847859425,
				-0.044707480565144606,
				0.0,
				-0.077229324635543065,
				0.044704986610461989,
				-0.99601059009856729,
				0.0,
				0.03442513695135048,
				0.036681787128460361,
				1.4417924334899823,
				1.0
			],
			"intrinsic" : 
			{
				"height" : 989,
				"intrinsic_matrix" : 
				[
					856.49912434281009,
					0.0,
					0.0,
					0.0,
					856.49912434281009,
					0.0,
					959.5,
					494.0,
					1.0
				],
				"width" : 1920
			},
			"version_major" : 1,
			"version_minor" : 0
		},
		{
			"class_name" : "PinholeCameraParameters",
			"extrinsic" : 
			[
				0.99558891790834314,
				0.0028373261549826966,
				-0.093779827886304262,
				0.0,
				-0.0024904475382155297,
				-0.99839123738819513,
				-0.056645695136772214,
				0.0,
				-0.093789680717838012,
				0.056629380066878662,
				-0.99398018546854705,
				0.0,
				0.033512522080218071,
				0.037339629290275317,
				1.4416708659334185,
				1.0
			],
			"intrinsic" : 
			{
				"height" : 989,
				"intrinsic_matrix" : 
				[
					856.49912434281009,
					0.0,
					0.0,
					0.0,
					856.49912434281009,
					0.0,
					959.5,
					494.0,
					1.0
				],
				"width" : 1920
			},
			"version_major" : 1,
			"version_minor" : 0
		},
		{
			"class_name" : "PinholeCameraParameters",
			"extrinsic" : 
			[
				0.99382984455597778,
				0.0036778732055527644,
				-0.11085446909586125,
				0.0,
				-0.0035186911770275428,
				-0.99790156647689465,
				-0.064653557020173016,
				0.0,
				-0.11085963594673262,
				0.064644697165691267,
				-0.99173141739390003,
				0.0,
				0.032567764880248096,
				0.037783574126667246,
				1.4414061335903348,
				1.0
			],
			"intrinsic" : 
			{
				"height" : 989,
				"intrinsic_matrix" : 
				[
					856.49912434281009,
					0.0,
					0.0,
					0.0,
					856.49912434281009,
					0.0,
					959.5,
					494.0,
					1.0
				],
				"width" : 1920
			},
			"version_major" : 1,
			"version_minor" : 0
		},
		{
			"class_name" : "PinholeCameraParameters",
			"extrinsic" : 
			[
				0.99003347411353837,
				0.0055692002200773503,
				-0.14072208122248181,
				0.0,
				-0.0056294567287537766,
				-0.99685422124901524,
				-0.079056756795092442,
				0.0,
				-0.14071968359691961,
				0.079061024449016568,
				-0.98688769627625561,
				0.0,
				0.030898046423125713,
				0.038590996497463989,
				1.4410052320196745,
				1.0
			],
			"intrinsic" : 
			{
				"height" : 989,
				"intrinsic_matrix" : 
				[
					856.49912434281009,
					0.0,
					0.0,
					0.0,
					856.49912434281009,
					0.0,
					959.5,
					494.0,
					1.0
				],
				"width" : 1920
			},
			"version_major" : 1,
			"version_minor" : 0
		},
		{
			"class_name" : "PinholeCameraParameters",
			"extrinsic" : 
			[
				0.98709604993649203,
				0.0065895515764921135,
				-0.15999364365435054,
				0.0,
				-0.0072291527105350119,
				-0.99630035741321887,
				-0.085634906255453405,
				0.0,
				-0.15996601998819099,
				0.085686496184132072,
				-0.98339651047826304,
				0.0,
				0.029811085435463569,
				0.038965423018819292,
				1.4406730819470064,
				1.0
			],
			"intrinsic" : 
			{
				"height" : 989,
				"intrinsic_matrix" : 
				[
					856.49912434281009,
					0.0,
					0.0,
					0.0,
					856.49912434281009,
					0.0,
					959.5,
					494.0,
					1.0
				],
				"width" : 1920
			},
			"version_major" : 1,
			"version_minor" : 0
		},
		{
			"class_name" : "PinholeCameraParameters",
			"extrinsic" : 
			[
				0.98039357852145914,
				0.0090423532160556746,
				-0.19684173094698088,
				0.0,
				-0.010629038670607148,
				-0.99506545681545333,
				-0.098649684183944486,
				0.0,
				-0.19676243221414563,
				0.098807755267333847,
				-0.97545967254838595,
				0.0,
				0.027702712000785057,
				0.039718900642554233,
				1.4401203750478071,
				1.0
			],
			"intrinsic" : 
			{
				"height" : 989,
				"intrinsic_matrix" : 
				[
					856.49912434281009,
					0.0,
					0.0,
					0.0,
					856.49912434281009,
					0.0,
					959.5,
					494.0,
					1.0
				],
				"width" : 1920
			},
			"version_major" : 1,
			"version_minor" : 0
		},
		{
			"class_name" : "PinholeCameraParameters",
			"extrinsic" : 
			[
				0.97088063687013515,
				0.012499209761059803,
				-0.23923745255705645,
				0.0,
				-0.015165054183318864,
				-0.99342842235206485,
				-0.1134459818358711,
				0.0,
				-0.23908327018479941,
				0.11377055602587526,
				-0.96431086818479117,
				0.0,
				0.02522957601135406,
				0.040595762568187949,
				1.439586133738141,
				1.0
			],
			"intrinsic" : 
			{
				"height" : 989,
				"intrinsic_matrix" : 
				[
					856.49912434281009,
					0.0,
					0.0,
					0.0,
					856.49912434281009,
					0.0,
					959.5,
					494.0,
					1.0
				],
				"width" : 1920
			},
			"version_major" : 1,
			"version_minor" : 0
		},
		{
			"class_name" : "PinholeCameraParameters",
			"extrinsic" : 
			[
				0.95684010142385278,
				0.016519123343292124,
				-0.29014503075386316,
				0.0,
				-0.021466598647363885,
				-0.99163828973228385,
				-0.12725049107702516,
				0.0,
				-0.28982098862867761,
				0.12798679971309607,
				-0.94848467233239775,
				0.0,
				0.022192396857603713,
				0.041449228944192062,
				1.4389392004535098,
				1.0
			],
			"intrinsic" : 
			{
				"height" : 989,
				"intrinsic_matrix" : 
				[
					856.49912434281009,
					0.0,
					0.0,
					0.0,
					856.49912434281009,
					0.0,
					959.5,
					494.0,
					1.0
				],
				"width" : 1920
			},
			"version_major" : 1,
			"version_minor" : 0
		},
		{
			"class_name" : "PinholeCameraParameters",
			"extrinsic" : 
			[
				0.94757652089749744,
				0.017415545506643981,
				-0.31905397007168029,
				0.0,
				-0.025373609918732911,
				-0.99125911961700552,
				-0.12946635738990739,
				0.0,
				-0.31851988472226761,
				0.13077483148842234,
				-0.93885197261639086,
				0.0,
				0.020435176039083458,
				0.041619816519107233,
				1.4384136620572872,
				1.0
			],
			"intrinsic" : 
			{
				"height" : 989,
				"intrinsic_matrix" : 
				[
					856.49912434281009,
					0.0,
					0.0,
					0.0,
					856.49912434281009,
					0.0,
					959.5,
					494.0,
					1.0
				],
				"width" : 1920
			},
			"version_major" : 1,
			"version_minor" : 0
		},
		{
			"class_name" : "PinholeCameraParameters",
			"extrinsic" : 
			[
				0.93344679477973214,
				0.019468788245401578,
				-0.35818716839063425,
				0.0,
				-0.030830601698731776,
				-0.990477047712508,
				-0.13418156338934276,
				0.0,
				-0.35738852152012246,
				0.13629447618656362,
				-0.92395739103418151,
				0.0,
				0.017999798952472668,
				0.041967217778792837,
				1.4378601519403225,
				1.0
			],
			"intrinsic" : 
			{
				"height" : 989,
				"intrinsic_matrix" : 
				[
					856.49912434281009,
					0.0,
					0.0,
					0.0,
					856.49912434281009,
					0.0,
					959.5,
					494.0,
					1.0
				],
				"width" : 1920
			},
			"version_major" : 1,
			"version_minor" : 0
		},
		{
			"class_name" : "PinholeCameraParameters",
			"extrinsic" : 
			[
				0.91859231981922973,
				0.021532620866259657,
				-0.39461943212132389,
				0.0,
				-0.036168039366713998,
				-0.9897440530451258,
				-0.13819762078333797,
				0.0,
				-0.39354799313107175,
				0.141219884224699,
				-0.90839249303484926,
				0.0,
				0.015677098322851357,
				0.042284958469904294,
				1.4374227850745167,
				1.0
			],
			"intrinsic" : 
			{
				"height" : 989,
				"intrinsic_matrix" : 
				[
					856.49912434281009,
					0.0,
					0.0,
					0.0,
					856.49912434281009,
					0.0,
					959.5,
					494.0,
					1.0
				],
				"width" : 1920
			},
			"version_major" : 1,
			"version_minor" : 0
		},
		{
			"class_name" : "PinholeCameraParameters",
			"extrinsic" : 
			[
				0.90858939279259299,
				0.021884263132644022,
				-0.41711676342713488,
				0.0,
				-0.039573479722369978,
				-0.9896242188103499,
				-0.13812257326978764,
				0.0,
				-0.41581156189727381,
				0.14200346675749109,
				-0.89829603161842131,
				0.0,
				0.014217996073173866,
				0.042336297275556017,
				1.4370910851669756,
				1.0
			],
			"intrinsic" : 
			{
				"height" : 989,
				"intrinsic_matrix" : 
				[
					856.49912434281009,
					0.0,
					0.0,
					0.0,
					856.49912434281009,
					0.0,
					959.5,
					494.0,
					1.0
				],
				"width" : 1920
			},
			"version_major" : 1,
			"version_minor" : 0
		},
		{
			"class_name" : "PinholeCameraParameters",
			"extrinsic" : 
			[
				0.89764836268888992,
				0.02188426313264407,
				-0.44016871309657657,
				0.0,
				-0.043085570547130393,
				-0.9896242188103499,
				-0.13706764444839983,
				0.0,
				-0.43860124324103716,
				0.14200346675749118,
				-0.88739166372930878,
				0.0,
				0.01269821773248303,
				0.04233629727555599,
				1.4367475693678748,
				1.0
			],
			"intrinsic" : 
			{
				"height" : 989,
				"intrinsic_matrix" : 
				[
					856.49912434281009,
					0.0,
					0.0,
					0.0,
					856.49912434281009,
					0.0,
					959.5,
					494.0,
					1.0
				],
				"width" : 1920
			},
			"version_major" : 1,
			"version_minor" : 0
		},
		{
			"class_name" : "PinholeCameraParameters",
			"extrinsic" : 
			[
				0.87868266429515873,
				0.021884263132644102,
				-0.47690445006762389,
				0.0,
				-0.048715612758896763,
				-0.9896242188103499,
				-0.13516913337567102,
				0.0,
				-0.47491427072755649,
				0.14200346675749123,
				-0.86849953994700968,
				0.0,
				0.010218607466637386,
				0.04233629727555599,
				1.4362736337950923,
				1.0
			],
			"intrinsic" : 
			{
				"height" : 989,
				"intrinsic_matrix" : 
				[
					856.49912434281009,
					0.0,
					0.0,
					0.0,
					856.49912434281009,
					0.0,
					959.5,
					494.0,
					1.0
				],
				"width" : 1920
			},
			"version_major" : 1,
			"version_minor" : 0
		},
		{
			"class_name" : "PinholeCameraParameters",
			"extrinsic" : 
			[
				0.85588712961471669,
				0.023095813557265886,
				-0.51664669238853089,
				0.0,
				-0.054918470801058522,
				-0.9892946497115882,
				-0.13520376332373046,
				0.0,
				-0.51423844948112796,
				0.14409260719465816,
				-0.84545617132237638,
				0.0,
				0.0074498666577874628,
				0.042483408261961647,
				1.4359716550112116,
				1.0
			],
			"intrinsic" : 
			{
				"height" : 989,
				"intrinsic_matrix" : 
				[
					856.49912434281009,
					0.0,
					0.0,
					0.0,
					856.49912434281009,
					0.0,
					959.5,
					494.0,
					1.0
				],
				"width" : 1920
			},
			"version_major" : 1,
			"version_minor" : 0
		},
		{
			"class_name" : "PinholeCameraParameters",
			"extrinsic" : 
			[
				0.81984458352244038,
				0.024805453503368664,
				-0.57204855418522682,
				0.0,
				-0.063828008800283498,
				-0.98887525348337491,
				-0.13435668327545913,
				0.0,
				-0.56901743748457057,
				0.14666431919414935,
				-0.80914073764321714,
				0.0,
				0.0034366345724670122,
				0.042672456850479656,
				1.4357440127806389,
				1.0
			],
			"intrinsic" : 
			{
				"height" : 989,
				"intrinsic_matrix" : 
				[
					856.49912434281009,
					0.0,
					0.0,
					0.0,
					856.49912434281009,
					0.0,
					959.5,
					494.0,
					1.0
				],
				"width" : 1920
			},
			"version_major" : 1,
			"version_minor" : 0
		},
		{
			"class_name" : "PinholeCameraParameters",
			"extrinsic" : 
			[
				0.78837279183284004,
				0.025535675312953608,
				-0.61466760967534728,
				0.0,
				-0.070883084737082783,
				-0.98871346764089463,
				-0.13198964809284627,
				0.0,
				-0.61110058860702232,
				0.14762658362174907,
				-0.77766474936975361,
				0.0,
				0.00021469509026839084,
				0.042746522113242119,
				1.4356992491667921,
				1.0
			],
			"intrinsic" : 
			{
				"height" : 989,
				"intrinsic_matrix" : 
				[
					856.49912434281009,
					0.0,
					0.0,
					0.0,
					856.49912434281009,
					0.0,
					959.5,
					494.0,
					1.0
				],
				"width" : 1920
			},
			"version_major" : 1,
			"version_minor" : 0
		},
		{
			"class_name" : "PinholeCameraParameters",
			"extrinsic" : 
			[
				0.77386256859588398,
				0.025535675312953584,
				-0.63283856884081591,
				0.0,
				-0.073933937100382235,
				-0.98871346764089452,
				-0.13030522572159023,
				0.0,
				-0.62902344779111174,
				0.14762658362174907,
				-0.76324039066152238,
				0.0,
				-0.0011986470529052884,
				0.042746522113242119,
				1.4357106938897743,
				1.0
			],
			"intrinsic" : 
			{
				"height" : 989,
				"intrinsic_matrix" : 
				[
					856.49912434281009,
					0.0,
					0.0,
					0.0,
					856.49912434281009,
					0.0,
					959.5,
					494.0,
					1.0
				],
				"width" : 1920
			},
			"version_major" : 1,
			"version_minor" : 0
		},
		{
			"class_name" : "PinholeCameraParameters",
			"extrinsic" : 
			[
				0.76920680540591657,
				0.02553567531295356,
				-0.6384894829232004,
				0.0,
				-0.074886329491139492,
				-0.98871346764089452,
				-0.12976022719177996,
				0.0,
				-0.6345966657433435,
				0.14762658362174907,
				-0.75861285491059394,
				0.0,
				-0.0016435559183594073,
				0.042746522113242119,
				1.4357211023944509,
				1.0
			],
			"intrinsic" : 
			{
				"height" : 989,
				"intrinsic_matrix" : 
				[
					856.49912434281009,
					0.0,
					0.0,
					0.0,
					856.49912434281009,
					0.0,
					959.5,
					494.0,
					1.0
				],
				"width" : 1920
			},
			"version_major" : 1,
			"version_minor" : 0
		},
		{
			"class_name" : "PinholeCameraParameters",
			"extrinsic" : 
			[
				0.76920680540591657,
				0.025535675312953553,
				-0.6384894829232004,
				0.0,
				-0.074886329491139506,
				-0.98871346764089452,
				-0.12976022719177996,
				0.0,
				-0.6345966657433435,
				0.14762658362174907,
				-0.75861285491059394,
				0.0,
				-0.0016435559183594073,
				0.042746522113242119,
				1.4357211023944509,
				1.0
			],
			"intrinsic" : 
			{
				"height" : 989,
				"intrinsic_matrix" : 
				[
					856.49912434281009,
					0.0,
					0.0,
					0.0,
					856.49912434281009,
					0.0,
					959.5,
					494.0,
					1.0
				],
				"width" : 1920
			},
			"version_major" : 1,
			"version_minor" : 0
		},
		{
			"class_name" : "PinholeCameraParameters",
			"extrinsic" : 
			[
				0.76920680540591657,
				0.025535675312953553,
				-0.6384894829232004,
				0.0,
				-0.074886329491139506,
				-0.98871346764089452,
				-0.12976022719177996,
				0.0,
				-0.6345966657433435,
				0.14762658362174907,
				-0.75861285491059394,
				0.0,
				-0.0016435559183594073,
				0.042746522113242119,
				1.4357211023944509,
				1.0
			],
			"intrinsic" : 
			{
				"height" : 989,
				"intrinsic_matrix" : 
				[
					856.49912434281009,
					0.0,
					0.0,
					0.0,
					856.49912434281009,
					0.0,
					959.5,
					494.0,
					1.0
				],
				"width" : 1920
			},
			"version_major" : 1,
			"version_minor" : 0
		},
		{
			"class_name" : "PinholeCameraParameters",
			"extrinsic" : 
			[
				0.76920680540591657,
				0.025535675312953553,
				-0.6384894829232004,
				0.0,
				-0.074886329491139506,
				-0.98871346764089452,
				-0.12976022719177996,
				0.0,
				-0.6345966657433435,
				0.14762658362174907,
				-0.75861285491059394,
				0.0,
				-0.0016435559183594073,
				0.042746522113242119,
				1.4357211023944509,
				1.0
			],
			"intrinsic" : 
			{
				"height" : 989,
				"intrinsic_matrix" : 
				[
					856.49912434281009,
					0.0,
					0.0,
					0.0,
					856.49912434281009,
					0.0,
					959.5,
					494.0,
					1.0
				],
				"width" : 1920
			},
			"version_major" : 1,
			"version_minor" : 0
		},
		{
			"class_name" : "PinholeCameraParameters",
			"extrinsic" : 
			[
				0.76920680540591657,
				0.025535675312953553,
				-0.6384894829232004,
				0.0,
				-0.074886329491139506,
				-0.98871346764089452,
				-0.12976022719177996,
				0.0,
				-0.6345966657433435,
				0.14762658362174907,
				-0.75861285491059394,
				0.0,
				-0.0016435559183594073,
				0.042746522113242119,
				1.4357211023944509,
				1.0
			],
			"intrinsic" : 
			{
				"height" : 989,
				"intrinsic_matrix" : 
				[
					856.49912434281009,
					0.0,
					0.0,
					0.0,
					856.49912434281009,
					0.0,
					959.5,
					494.0,
					1.0
				],
				"width" : 1920
			},
			"version_major" : 1,
			"version_minor" : 0
		},
		{
			"class_name" : "PinholeCameraParameters",
			"extrinsic" : 
			[
				0.76920680540591657,
				0.025535675312953553,
				-0.6384894829232004,
				0.0,
				-0.074886329491139506,
				-0.98871346764089452,
				-0.12976022719177996,
				0.0,
				-0.6345966657433435,
				0.14762658362174907,
				-0.75861285491059394,
				0.0,
				-0.0016435559183594073,
				0.042746522113242119,
				1.4357211023944509,
				1.0
			],
			"intrinsic" : 
			{
				"height" : 989,
				"intrinsic_matrix" : 
				[
					856.49912434281009,
					0.0,
					0.0,
					0.0,
					856.49912434281009,
					0.0,
					959.5,
					494.0,
					1.0
				],
				"width" : 1920
			},
			"version_major" : 1,
			"version_minor" : 0
		},
		{
			"class_name" : "PinholeCameraParameters",
			"extrinsic" : 
			[
				0.76920680540591657,
				0.025535675312953553,
				-0.6384894829232004,
				0.0,
				-0.074886329491139506,
				-0.98871346764089452,
				-0.12976022719177996,
				0.0,
				-0.6345966657433435,
				0.14762658362174907,
				-0.75861285491059394,
				0.0,
				-0.0016435559183594073,
				0.042746522113242119,
				1.4357211023944509,
				1.0
			],
			"intrinsic" : 
			{
				"height" : 989,
				"intrinsic_matrix" : 
				[
					856.49912434281009,
					0.0,
					0.0,
					0.0,
					856.49912434281009,
					0.0,
					959.5,
					494.0,
					1.0
				],
				"width" : 1920
			},
			"version_major" : 1,
			"version_minor" : 0
		},
		{
			"class_name" : "PinholeCameraParameters",
			"extrinsic" : 
			[
				0.76920680540591657,
				0.025535675312953553,
				-0.6384894829232004,
				0.0,
				-0.074886329491139506,
				-0.98871346764089452,
				-0.12976022719177996,
				0.0,
				-0.6345966657433435,
				0.14762658362174907,
				-0.75861285491059394,
				0.0,
				-0.0016435559183594073,
				0.042746522113242119,
				1.4357211023944509,
				1.0
			],
			"intrinsic" : 
			{
				"height" : 989,
				"intrinsic_matrix" : 
				[
					856.49912434281009,
					0.0,
					0.0,
					0.0,
					856.49912434281009,
					0.0,
					959.5,
					494.0,
					1.0
				],
				"width" : 1920
			},
			"version_major" : 1,
			"version_minor" : 0
		},
		{
			"class_name" : "PinholeCameraParameters",
			"extrinsic" : 
			[
				0.7418738790401912,
				0.08855644869968865,
				-0.66466600860248537,
				0.0,
				-0.080771075156256297,
				-0.97222102150822209,
				-0.21968686523233835,
				0.0,
				-0.66565695445624407,
				0.21666573501873482,
				-0.71411258093722818,
				0.0,
				-0.0041568286237941843,
				0.048303503159473876,
				1.4401689965554259,
				1.0
			],
			"intrinsic" : 
			{
				"height" : 989,
				"intrinsic_matrix" : 
				[
					856.49912434281009,
					0.0,
					0.0,
					0.0,
					856.49912434281009,
					0.0,
					959.5,
					494.0,
					1.0
				],
				"width" : 1920
			},
			"version_major" : 1,
			"version_minor" : 0
		},
		{
			"class_name" : "PinholeCameraParameters",
			"extrinsic" : 
			[
				0.69546195010471923,
				0.14270172995942471,
				-0.704250589082557,
				0.0,
				-0.097445268434696489,
				-0.95229829060789817,
				-0.28919264403674783,
				0.0,
				-0.71192492273850838,
				0.26974836787617945,
				-0.6483816178855677,
				0.0,
				-0.0078496434232028234,
				0.052547716258870336,
				1.4445339965125221,
				1.0
			],
			"intrinsic" : 
			{
				"height" : 989,
				"intrinsic_matrix" : 
				[
					856.49912434281009,
					0.0,
					0.0,
					0.0,
					856.49912434281009,
					0.0,
					959.5,
					494.0,
					1.0
				],
				"width" : 1920
			},
			"version_major" : 1,
			"version_minor" : 0
		},
		{
			"class_name" : "PinholeCameraParameters",
			"extrinsic" : 
			[
				0.62213760645683558,
				0.20637394331769995,
				-0.75521824272965121,
				0.0,
				-0.12888781530247687,
				-0.92447271284691379,
				-0.35880096748479146,
				0.0,
				-0.77222582817380181,
				0.32056200448738553,
				-0.54855015411566088,
				0.0,
				-0.012825356055322534,
				0.056767770615109403,
				1.4502850540622294,
				1.0
			],
			"intrinsic" : 
			{
				"height" : 989,
				"intrinsic_matrix" : 
				[
					856.49912434281009,
					0.0,
					0.0,
					0.0,
					856.49912434281009,
					0.0,
					959.5,
					494.0,
					1.0
				],
				"width" : 1920
			},
			"version_major" : 1,
			"version_minor" : 0
		},
		{
			"class_name" : "PinholeCameraParameters",
			"extrinsic" : 
			[
				0.5247619149410675,
				0.27314128197733117,
				-0.80623741708454832,
				0.0,
				-0.17578858254622631,
				-0.89193601266724243,
				-0.4165915548275666,
				0.0,
				-0.83290053840405975,
				0.36033871480461399,
				-0.42003893121850816,
				0.0,
				-0.018220045622260039,
				0.060356207303143949,
				1.457161648137586,
				1.0
			],
			"intrinsic" : 
			{
				"height" : 989,
				"intrinsic_matrix" : 
				[
					856.49912434281009,
					0.0,
					0.0,
					0.0,
					856.49912434281009,
					0.0,
					959.5,
					494.0,
					1.0
				],
				"width" : 1920
			},
			"version_major" : 1,
			"version_minor" : 0
		},
		{
			"class_name" : "PinholeCameraParameters",
			"extrinsic" : 
			[
				0.40537367875845104,
				0.34724563972995737,
				-0.84563150737089543,
				0.0,
				-0.2375740462353379,
				-0.85324275206361566,
				-0.46425787942293129,
				0.0,
				-0.8827404789207357,
				0.38909802330446264,
				-0.26338560160978836,
				0.0,
				-0.023375757170779388,
				0.063428324116438922,
				1.465643888482387,
				1.0
			],
			"intrinsic" : 
			{
				"height" : 989,
				"intrinsic_matrix" : 
				[
					856.49912434281009,
					0.0,
					0.0,
					0.0,
					856.49912434281009,
					0.0,
					959.5,
					494.0,
					1.0
				],
				"width" : 1920
			},
			"version_major" : 1,
			"version_minor" : 0
		},
		{
			"class_name" : "PinholeCameraParameters",
			"extrinsic" : 
			[
				0.31859909888726778,
				0.39989242508691208,
				-0.85940715760710851,
				0.0,
				-0.28520751178988457,
				-0.82419675243972557,
				-0.48924062432144028,
				0.0,
				-0.90396420803416988,
				0.40098099908339579,
				-0.14853601909044808,
				0.0,
				-0.026228134665318342,
				0.065100776273092492,
				1.4721044746775984,
				1.0
			],
			"intrinsic" : 
			{
				"height" : 989,
				"intrinsic_matrix" : 
				[
					856.49912434281009,
					0.0,
					0.0,
					0.0,
					856.49912434281009,
					0.0,
					959.5,
					494.0,
					1.0
				],
				"width" : 1920
			},
			"version_major" : 1,
			"version_minor" : 0
		},
		{
			"class_name" : "PinholeCameraParameters",
			"extrinsic" : 
			[
				0.19304916932560737,
				0.48625388316267748,
				-0.85222601423091415,
				0.0,
				-0.35691896464824752,
				-0.77425966264462798,
				-0.52261919929892553,
				0.0,
				-0.91396984134987524,
				0.40506682894387208,
				0.024083047818742348,
				0.0,
				-0.029153287589997204,
				0.066942583948252019,
				1.4827485078668923,
				1.0
			],
			"intrinsic" : 
			{
				"height" : 989,
				"intrinsic_matrix" : 
				[
					856.49912434281009,
					0.0,
					0.0,
					0.0,
					856.49912434281009,
					0.0,
					959.5,
					494.0,
					1.0
				],
				"width" : 1920
			},
			"version_major" : 1,
			"version_minor" : 0
		},
		{
			"class_name" : "PinholeCameraParameters",
			"extrinsic" : 
			[
				0.091939955539644264,
				0.5589292476138763,
				-0.82410262755142005,
				0.0,
				-0.41968933804690506,
				-0.72875735968472644,
				-0.54108554798210706,
				0.0,
				-0.90299939319199929,
				0.39561446746438961,
				0.16757472669752019,
				0.0,
				-0.030320352315341609,
				0.067684559081509096,
				1.4921338999322591,
				1.0
			],
			"intrinsic" : 
			{
				"height" : 989,
				"intrinsic_matrix" : 
				[
					856.49912434281009,
					0.0,
					0.0,
					0.0,
					856.49912434281009,
					0.0,
					959.5,
					494.0,
					1.0
				],
				"width" : 1920
			},
			"version_major" : 1,
			"version_minor" : 0
		},
		{
			"class_name" : "PinholeCameraParameters",
			"extrinsic" : 
			[
				-0.0078986072811652614,
				0.64082543166677763,
				-0.76764599792619648,
				0.0,
				-0.48724186761655114,
				-0.6728407584521422,
				-0.55666927004019306,
				0.0,
				-0.8732313407365504,
				0.36963235774839071,
				0.31755148505527808,
				0.0,
				-0.030270145910544388,
				0.067542546599623721,
				1.5028609532100918,
				1.0
			],
			"intrinsic" : 
			{
				"height" : 989,
				"intrinsic_matrix" : 
				[
					856.49912434281009,
					0.0,
					0.0,
					0.0,
					856.49912434281009,
					0.0,
					959.5,
					494.0,
					1.0
				],
				"width" : 1920
			},
			"version_major" : 1,
			"version_minor" : 0
		},
		{
			"class_name" : "PinholeCameraParameters",
			"extrinsic" : 
			[
				-0.083189008578623491,
				0.70502616780569716,
				-0.70428523451859948,
				0.0,
				-0.5429280717356102,
				-0.62470117141463932,
				-0.56122861238057842,
				0.0,
				-0.8356486688633914,
				0.33568817247914834,
				0.43474676891778236,
				0.0,
				-0.029261153151066921,
				0.066558346641040295,
				1.5117253238229418,
				1.0
			],
			"intrinsic" : 
			{
				"height" : 989,
				"intrinsic_matrix" : 
				[
					856.49912434281009,
					0.0,
					0.0,
					0.0,
					856.49912434281009,
					0.0,
					959.5,
					494.0,
					1.0
				],
				"width" : 1920
			},
			"version_major" : 1,
			"version_minor" : 0
		},
		{
			"class_name" : "PinholeCameraParameters",
			"extrinsic" : 
			[
				-0.13646333130886551,
				0.75473262743048153,
				-0.64168249181348946,
				0.0,
				-0.58635941856275642,
				-0.5836261861092592,
				-0.56175003974214954,
				0.0,
				-0.79847378884396258,
				0.29959829101555702,
				0.52218815818603603,
				0.0,
				-0.027843779064893992,
				0.06514192200533464,
				1.5188323046754721,
				1.0
			],
			"intrinsic" : 
			{
				"height" : 989,
				"intrinsic_matrix" : 
				[
					856.49912434281009,
					0.0,
					0.0,
					0.0,
					856.49912434281009,
					0.0,
					959.5,
					494.0,
					1.0
				],
				"width" : 1920
			},
			"version_major" : 1,
			"version_minor" : 0
		},
		{
			"class_name" : "PinholeCameraParameters",
			"extrinsic" : 
			[
				-0.13646333130886551,
				0.75473262743048153,
				-0.64168249181348946,
				0.0,
				-0.58635941856275642,
				-0.5836261861092592,
				-0.56175003974214954,
				0.0,
				-0.79847378884396258,
				0.29959829101555702,
				0.52218815818603603,
				0.0,
				-0.027843779064893992,
				0.06514192200533464,
				1.5188323046754721,
				1.0
			],
			"intrinsic" : 
			{
