[Extrinsics]

R11=0.837246
R12=0.540749
R13=0.0813053

R21=0.285137
R22=-0.558591
R23=0.778892

R31=0.466602
R32=-0.628941
R33=-0.621865

T1=8.00144
T2=6.79076
T3=2.87561

[Intrinsics]

f=701.195
mu=1
mv=0.997588

u0=485.301
v0=432.17

[Distortion=pinhole]

k1=-0.307813
k2=0.112571
k3=0
p1=0
p2=0

