[Extrinsics]

R11=0.022185
R12=-0.999565
R13=-0.0194491

R21=-0.615689
R22=-0.0289869
R23=0.787456

R31=-0.787677
R32=-0.00549512
R33=-0.616064

T1=15.0749
T2=4.23487
T3=2.89125

[Intrinsics]

f=695.313
mu=1
mv=0.997147

u0=543.21
v0=375.81

[Distortion=pinhole]

k1=-0.327372
k2=0.13491
k3=0
p1=0
p2=0

