[Extrinsics]

R11=-0.999042
R12=-0.0363701
R13=-0.0243473

R21=-0.0412737
R22=0.597806
R23=0.800578

R31=-0.0145621
R32=0.800815
R33=-0.598734

T1=11.849
T2=0.283563
T3=2.79728

[Intrinsics]

f=669.93
mu=1
mv=0.997553

u0=509.605
v0=358.812

[Distortion=pinhole]

k1=-0.308965
k2=0.112368
k3=0
p1=0
p2=0

