[Extrinsics]

R11=-0.638223
R12=0.767257
R13=0.0631593

R21=0.510238
R22=0.360137
R23=0.780999

R31=0.57648
R32=0.530677
R33=-0.621331

T1=5.66734
T2=0.244033
T3=2.85218

[Intrinsics]

f=674.319
mu=1
mv=0.995272

u0=461.743
v0=398.09

[Distortion=pinhole]

k1=-0.316926
k2=0.115751
k3=0
p1=0
p2=0

